2000  1  7 10 35 23.95  35.8652  137.5857    9.34  3.6   14  205   61   30   84  100    5.00  3.7  87.75
2000  1 10  8 33 38.38  38.8748  140.6865   12.61  4.2  351  219   68   31   68  134    5.00  4.3  73.22
2000  1 10 13 25 29.40  36.2495  136.3025   11.48  3.6   63  236   59   31   94   84   11.00  3.6  67.99
2000  1 27  2 50 52.04  34.6212  137.0422    8.04  3.5  315  191   69   34   62  141    5.00  3.6  76.04
2000  2  2 19  7  9.91  36.5128  137.4752    8.01  3.6  329  233   79   60   31  168   29.00  4.0  86.66
2000  2  5  4 40 27.02  38.1232  140.4958   12.66  3.5   57  323   86   44 -134   -5    5.00  3.5  76.55
2000  2  5 19 43 48.14  36.7090  139.3768   10.47  4.1   28  251   67   30   70  129    8.00  4.2  91.37
2000  2 11  7  8 36.51  39.0218  140.9122   13.06  4.7  200   25   50   40   87   93    5.00  4.8  94.69
2000  2 11 11 57  4.07  35.4997  139.0498   17.91  4.2   12  236   75   21   76  132   11.00  4.2  95.01
2000  2 24  5 55 12.32  37.8430  140.1485   15.26  3.9  174  340   54   37   98   79   11.00  3.8  72.15
2000  2 26 15  3 24.56  35.2028  135.5475   14.64  3.9  334  243   85   79   11  175   20.00  4.0  94.39
2000  3  3  0 23 19.73  35.1692  136.7200   16.47  3.6    3  145   70   25  105   55   14.00  3.7  90.65
2000  3  7  8 10  3.68  39.8397  140.9638    6.24  3.8  145  236   89   49  -41 -178    5.00  4.3  86.40
2000  3 12 15  2 30.11  37.2403  140.0320   10.87  3.6  171   24   56   39   70  117    5.00  3.7  81.59
2000  3 18  2  8 44.41  34.4015  134.8153   14.15  4.1  293  201   87   62   28  177   11.00  3.7  94.02
2000  3 19  3 49 16.71  37.2817  138.6155   13.91  4.3   31  218   62   28   87   96    8.00  4.5  89.61
2000  3 24 11 12 49.83  35.8937  138.7453   11.18  3.3  272   49   57   42  117   55    8.00  3.5  77.15
2000  3 24 14  0 21.76  35.8988  136.7605   10.31  4.0   32  174   60   36  111   58    8.00  4.1  95.19
2000  3 25 13  2 22.73  37.2842  138.4985   14.13  4.0  328  191   50   49   59  121    5.00  4.0  87.53
2000  3 28 20 26 44.61  30.5093  130.9570    4.23  4.0  158  262   67   61  -32 -154   11.00  4.3  56.59
2000  3 29  8 22 30.77  42.5275  140.8253    6.84  4.1  183   90   88   37 -127   -4   11.00  4.2  71.00
2000  3 29 10 40 36.73  42.5262  140.8210    7.04  3.5   49  225   70   20   91   87    5.00  3.7  55.98
2000  3 29 11  1  4.46  42.5223  140.8310    6.89  3.6   24  233   65   29   76  116    5.00  3.9  79.34
2000  3 29 11 58 13.96  42.5152  140.8282   10.79  3.3   32  217   56   34   87   94    5.00  3.5  52.42
2000  3 29 12 23 36.70  42.5252  140.8433    6.10  3.5  220   37   55   35   92   88    5.00  3.8  86.82
2000  3 29 14 12 14.74  42.5253  140.8370    7.33  3.7  259   51   62   31  104   65    5.00  3.9  83.06
2000  3 29 16 12 21.15  42.5168  140.8250   10.03  3.6  245   35   56   37  107   66    5.00  3.9  71.36
2000  3 29 17 54 18.81  42.5242  140.8242    6.80  4.0    6  144   62   36  113   54   11.00  4.1  67.20
2000  3 29 18 20 19.65  42.5183  140.8250    7.85  3.9   31  229   63   28   82  106    5.00  4.2  58.02
2000  3 29 20 16 25.70  42.5243  140.8243    7.28  3.6  238   31   52   41  107   69    5.00  3.6  52.40
2000  3 29 20 21 32.05  42.5172  140.8277    7.61  4.0    9  199   58   33   85   98    5.00  4.2  82.76
2000  3 29 21 23 32.62  42.5245  140.8480    6.83  3.4  235   44   55   36   97   80    5.00  3.8  83.00
2000  3 30  0 12 47.43  42.5107  140.8210    7.65  4.3   26  210   53   37   88   93    5.00  4.5  74.83
2000  3 30  1  9 29.04  42.5267  140.8503    6.54  3.8  211   34   54   36   88   93    5.00  4.1  83.87
2000  3 30  8 13 28.36  42.5242  140.8170    6.53  4.3  313   98   67   27  105   58    5.00  4.3  74.96
2000  3 30  9 16 59.99  42.5213  140.8305    6.07  4.1  192   22   46   44   83   98    8.00  3.9  82.20
2000  3 30  9 23  3.90  42.5093  140.8223    7.84  3.7   22  206   55   35   88   93    5.00  3.9  77.15
2000  3 30  9 51 55.42  42.5132  140.8348    7.88  4.0  222   45   52   38   89   92    5.00  4.3  87.83
2000  3 30 10 30 22.42  42.5257  140.8128    6.85  3.8  357   92   85   47  137    7   11.00  3.8  90.65
2000  3 30 11 28 28.34  42.5128  140.8218    7.01  3.4  357   95   80   50  139   13   11.00  3.3  74.04
2000  3 30 11 36 43.66  42.5218  140.8172    6.59  3.6   78  288   49   45   69  112    5.00  3.7  83.62
2000  3 30 13  1 14.23  42.5182  140.8118    6.22  3.6  359   96   82   51  140   10   11.00  3.5  84.96
2000  3 30 13 38 25.13  42.5087  140.8358    7.47  3.3  249  157   81   79 -169  -10   14.00  3.5  91.77
2000  3 30 15  1 29.21  42.5200  140.8187    7.08  3.6    5  118   75   34  121   27   11.00  3.6  86.20
2000  3 30 16  9  5.73  42.5052  140.8295    6.75  3.5   26  205   61   29   90   90    5.00  3.8  67.64
2000  3 30 16 18  0.92  42.5170  140.8227    5.23  3.6  182   92   89   76   15  179   17.00  3.5  88.86
2000  3 30 21 47 59.72  42.5078  140.8320    7.66  3.3   25  201   65   25   92   86    5.00  3.7  86.64
2000  3 30 22  0 41.35  42.5163  140.8140    8.20  3.7   26  199   61   30   93   84    5.00  3.9  78.24
2000  3 31 18 12 23.19  42.5052  140.8288    7.81  4.6  233   46   48   42   95   85    5.00  4.9  83.31
2000  4  4 14  4 14.26  43.3320  144.0425   13.05  3.5  224   34   60   31   95   81    8.00  3.6  70.95
2000  4  7  6 54 27.62  37.0045  138.3982   17.13  4.1   22  243   51   48   61  121    8.00  4.2  76.68
2000  4  7  8 48 58.14  37.0022  138.4042   16.40  3.4   28  246   51   46   64  119   11.00  3.5  75.52
2000  4 14 12 53 21.61  34.2330  139.1722    6.93  3.5  347  213   66   32 -112  -49    5.00  4.4  87.27
2000  4 14 13  4  6.40  34.2378  139.1627    9.36  3.3    1  211   52   42 -110  -66    5.00  3.9  86.79
2000  4 17  5 23 23.63  35.8390  137.7740   11.57  3.5  332  233   81   47   43  167   20.00  3.4  59.47
2000  4 22 12 55 42.03  34.0917  134.4382   11.23  3.5   61  160   71   66  154   21    8.00  3.2  65.26
2000  4 22 15 19 10.47  37.0373  139.3555   11.53  3.4   56  191   73   24  107   47    5.00  3.3  79.01
2000  4 25 19 48 16.59  37.5722  140.0208   13.74  4.3   46  210   47   44  101   78    8.00  4.4  94.44
2000  4 25 20  8 47.68  37.5710  140.0157   14.23  3.8   45  193   55   40  110   65    8.00  3.8  92.40
2000  4 29  9 34 54.48  33.3263  131.4838   10.95  4.0  245  102   56   40 -113  -60    8.00  4.3  92.59
2000  5  2 14 32 59.40  35.2963  139.0775   16.78  3.8   37  168   77   20  105   43   20.00  3.9  93.42
2000  5 10  1 32 59.65  32.8032  130.6442    8.45  3.8   90  270   58   32  -90  -90    5.00  3.9  74.42
2000  5 10 18 15  5.23  32.8007  130.6483    8.28  3.4  227  117   69   48 -134  -29    5.00  3.4  78.83
2000  5 11  3 21 22.90  37.9333  139.4720   11.98  3.5   30  129   72   65  154   19    8.00  3.2  70.03
2000  5 12 14 37 36.73  38.6858  141.0213   15.81  3.7   36  163   63   40  121   45   14.00  3.3  57.84
2000  5 15 19  9 25.94  34.9635  135.5005   15.62  4.3  146   51   75   71   20  164   17.00  4.2  71.15
2000  5 15 20 43 11.15  34.9703  135.4970   15.41  3.6  173   55   74   31   63  148    8.00  3.4  77.60
2000  5 20 14 39 12.71  34.9228  135.6247   16.26  3.7  176   21   63   29   78  112   14.00  3.5  89.70
2000  5 21  1 42 34.89  35.0287  135.8122   15.11  3.8  351  139   64   30  105   62   14.00  3.8  83.63
2000  5 26  8 57  1.98  33.9063  135.2602   12.28  3.4  348  234   67   45   50  147    8.00  3.2  64.25
2000  6  3  8 50 10.26  37.5123  139.6245   13.21  3.6   42  312   88   74 -164   -3   14.00  3.3  79.68
2000  6  5  0 54 41.47  35.7190  136.1125   10.16  4.7  347  247   77   53   38  164    5.00  4.6  95.53
2000  6  8  0 32 46.31  32.6953  130.7562   10.37  4.8  200  294   80   68  157   10   11.00  4.9  63.44
2000  6  8  9 58 51.43  32.6878  130.7552   10.74  3.9  290  199   85   74   16  175    5.00  4.0  80.12
2000  6  8 10 12 34.11  32.6898  130.7580    9.47  3.7  114   22   87   65   25  177    5.00  3.8  72.79
2000  6  8 19 25  8.55  32.6928  130.7532    9.42  3.5   31  288   68   61 -148  -26    5.00  3.4  85.72
2000  6  9 20 39 21.95  32.7138  130.7713   10.45  3.9  297   51   63   53  -43 -145    5.00  3.9  93.21
2000  6 13  6 29 30.83  32.6988  130.7605    8.47  3.6  127   34   87   47   44  176    5.00  3.6  82.27
2000  6 18  1  3 46.28  32.6898  130.7515   10.77  3.6  108  214   79   36  -55 -161    8.00  3.6  85.58
2000  6 20  4 15 50.93  32.6970  130.7560   11.35  3.6  287   23   79   59  -31 -167    8.00  3.4  63.68
2000  6 27  3 56  0.00  34.1000  139.5000    0.00  3.5    6  101   86   35  -55 -174    5.00  3.8  84.25
2000  6 27 11 40 25.21  34.0578  139.3765   15.73  3.5  187   95   88   39   51  177    8.00  3.8  80.06
2000  6 29  3 41 56.91  34.1915  139.1503   12.13  4.2   51  165   69   43  -51 -149    5.00  4.3  84.27
2000  7  2 10 56 41.11  34.1943  139.1603    8.38  3.0  274    5   89   57  147    1    5.00  3.4  71.39
2000  7  8  9 41 45.96  34.1013  139.5118    0.00  5.1  255   58   78   13  -86 -107   23.00  5.2  73.70
2000  7 11 13  4 19.06  34.3577  139.2485    4.75  3.6  123  221   71   68  157   21   17.00  4.0  72.63
2000  7 15  1 11 40.28  34.4117  139.2555    5.35  4.4   22  115   79   78  -12 -169    5.00  4.8  94.93
2000  7 16 23  0  5.19  35.3722  133.4218   16.71  4.3  326  236   88   78   12  178    8.00  4.0  91.19
2000  7 19  4 46 24.70  23.6965  121.2792    1.00  4.4   47  217   67   24   94   81    8.00  4.7  71.84
2000  7 22 16 46 43.84  33.8848  134.3378   10.34  4.0  298  206   81   76   14  170    5.00  4.0  96.75
2000  7 23  2 34 29.37  34.3732  139.2243   10.38  3.2  200  110   90   78   12  180    8.00  3.7  84.86
2000  7 24  0 12 37.35  34.1988  135.1482   10.11  3.2  232  350   63   47  130   38    8.00  3.3  60.12
2000  7 26  7 24 15.54  33.6658  133.4638   10.80  4.1   40  310   90   71 -161    0    5.00  3.8  89.35
2000  8  3 18 21  9.42  34.3318  139.2163    5.73  3.6  332  171   71   20  -96  -73    5.00  4.2  58.28
2000  8  8  0 12 40.29  37.0295  138.0290   13.60  3.7  190   40   53   41   71  114   11.00  3.6  75.19
2000  8  8 16 25 51.13  34.3710  139.2455    9.83  2.9  232  347   59   55  -42 -141    5.00  3.6  88.71
2000  8  8 19 29 27.02  34.2417  139.1730    7.71  4.0  330  176   50   43 -107  -70    5.00  4.6  84.26
2000  8 10  2 37  9.64  32.7712  130.8085   13.46  4.0   28  288   69   66 -154  -23   11.00  3.9  78.33
2000  8 10 17 25 28.62  37.0293  138.0260   11.90  3.5   33  190   57   35  103   71   11.00  3.6  52.70
2000  8 16 13 23 34.37  34.0542  139.3767   17.94  3.5  178   81   80   55   36  168   20.00  3.5  71.87
2000  8 18 13 51 49.41  34.3758  139.2472    1.72  3.4  205  114   87   69   21  177    5.00  3.9  84.10
2000  8 21  6 18  9.81  35.0292  135.8093   15.20  3.8  334  177   64   27   80  110   11.00  3.4  65.99
2000  8 22 22 46 26.71  35.4207  139.0295   19.85  3.6   41  182   66   30  108   55   20.00  3.8  91.85
2000  8 23 23 16 23.52  34.3907  139.2503    9.10  2.9  144   39   83   25 -114  -16    5.00  3.6  83.32
2000  8 24  9  7 37.82  34.0882  139.5193    4.27  2.9  193   79   81   22   70  154    5.00  3.8  87.10
2000  8 27  4 13 13.79  34.5332  135.6512   10.88  4.1   39  160   59   50  131   43    5.00  3.9  94.77
2000  8 29  2  0 37.55  34.3775  139.2293    8.82  4.9  291   21   87   83  173    3   17.00  4.9  82.38
2000  8 29  3  8 28.51  34.3840  139.2393    5.59  4.3   15  105   88   82   -8 -178    8.00  4.4  87.47
2000  9 10 16  5 35.24  34.0445  139.3772   16.40  3.8    4   97   78   73  -17 -168   20.00  3.9  87.83
2000  9 21  4 49 16.21  23.0878  121.3320    0.00  3.5  176  268   81   78  168   10   38.00  4.2  79.39
2000  9 25  2 15 28.88  32.7008  130.7660    9.14  4.0  204  111   86   60 -150   -5    5.00  4.0  93.68
2000  9 25  2 23 11.40  32.6993  130.7647    9.96  3.8  101   11   87   76   14  177    5.00  3.8  94.02
2000  9 25  3 52 55.18  32.7063  130.7703    8.70  3.5  103   12   85   81    9  175    5.00  3.5  90.48
2000 10  3  2 59  3.46  34.0473  139.3798   18.41  4.4  183   92   89   58   32  179   20.00  4.6  94.02
2000 10  6  4 30 18.03  35.2752  133.3498   11.26  7.3  150  241   85   81   -9 -175   11.00  6.6  92.18
2000 10  6  8 59  8.84  35.2842  133.3368    9.66  3.6  345   76   84   80  -10 -174   11.00  3.6  65.86
2000 10  6  9  6 25.39  35.3132  133.3280    8.53  3.5  141  233   80   75  -15 -170    5.00  3.4  51.66
2000 10  6 10 19 40.33  35.3088  133.3252    7.94  3.9  253  162   86   85 -175   -4    5.00  3.7  92.35
2000 10  6 10 57 22.70  35.2702  133.3453   13.28  4.0  156   63   83   67   23  173   17.00  3.5  70.50
2000 10  6 11  4 50.58  35.1920  133.4257    9.63  3.6  136   46   90   84    6  180    5.00  3.4  65.92
2000 10  6 13 56 59.41  35.1812  133.4257    8.49  3.9  128  228   76   54  -38 -163    5.00  4.1  94.18
2000 10  6 14 13 22.01  35.2932  133.2913    7.92  4.1  344  253   87   71   19  177    8.00  4.1  96.60
2000 10  6 18 58 16.48  35.3280  133.3185    9.68  3.8  143  233   90   75  -15 -180    5.00  3.5  86.68
2000 10  6 19 50 24.88  35.3162  133.3310    8.23  3.5  174  268   79   69  -21 -169    5.00  3.5  87.50
2000 10  6 19 56  3.42  35.2470  133.3737   10.52  3.7  129  220   86   69  -21 -175    8.00  3.8  91.99
2000 10  6 19 59 30.95  35.2865  133.3632    6.79  4.4   50  181   51   51  125   55    5.00  4.4  95.60
2000 10  6 20 40 38.56  35.3772  133.2887   10.24  3.7  164  254   90   64  -26 -180    5.00  3.5  91.13
2000 10  6 21 22 36.26  35.3108  133.3245   11.64  4.0  253  158   74   72 -161  -17    5.00  3.8  94.82
2000 10  6 21 38 11.56  35.3583  133.2968   10.92  4.3  156  249   86   52  -38 -175    5.00  4.3  97.84
2000 10  6 22 24 17.85  35.3610  133.3165    8.29  3.4  340  248   89   49   41  178    5.00  3.8  96.43
2000 10  6 22 49 30.93  35.2693  133.3635   13.36  3.9  159   69   87   80   10  177   14.00  3.9  94.73
2000 10  6 23 17 53.27  35.3815  133.2883    8.64  4.0  260  169   86   80 -170   -4    5.00  4.1  97.14
2000 10  6 23 30 48.86  35.2380  133.3833   10.45  3.6  313  222   87   79   11  177    8.00  3.6  82.83
2000 10  6 23 57 10.61  35.2947  133.2942    7.62  3.6  340  240   78   49   42  164   14.00  3.4  65.92
2000 10  7  1 26 53.92  35.2460  133.3790   10.69  3.9  128  218   90   69  -21 -180    8.00  3.7  85.23
2000 10  7  2 57 18.72  35.2582  133.3692   11.10  3.8  341   72   86   70  -21 -175    5.00  3.2  82.54
2000 10  7  3  3 50.82  35.3720  133.3155    8.99  4.3  335   67   82   77  -14 -172    8.00  4.2  97.08
2000 10  7  3 14 23.70  35.3157  133.3180    8.30  3.5  227  320   87   46  136    4    5.00  3.3  75.56
2000 10  7  7 10 38.14  35.3600  133.3288    8.72  3.7  172  263   89   80  -10 -179    5.00  3.7  95.50
2000 10  7  8  4 31.20  35.3733  133.2832    9.10  3.5  161  253   87   54  -37 -176    5.00  3.7  92.30
2000 10  7  8  7 55.34  35.3585  133.2973   10.03  3.5  351  259   86   70   20  176    8.00  3.3  67.11
2000 10  7  9 32 11.60  35.3100  133.3240    8.31  4.0  146  252   71   52  -40 -155    5.00  3.9  96.83
2000 10  7 21  8 21.24  35.3342  133.2972    7.35  4.0  261  169   81   74 -163  -10    5.00  3.9  97.64
2000 10  7 21 20 58.71  35.2175  133.3890    7.93  3.6   71  175   76   47  135   19    5.00  3.4  79.47
2000 10  8  4 17 55.43  35.1372  133.1517    8.28  5.5  150  240   86   79  -11 -176    5.00  5.1  96.58
2000 10  8  6 47 35.55  35.3603  133.2902    9.73  3.8  158  257   83   35  -56 -168    8.00  3.7  72.85
2000 10  8  9 19 42.17  35.3127  133.3218    8.66  3.5  261  171   88   70 -160   -2    8.00  3.4  80.35
2000 10  8 11 51 17.25  35.3683  133.3128    8.92  5.0  165  256   87   81   -9 -177    5.00  5.0  97.40
2000 10  8 11 59 36.66  35.3637  133.3058    9.33  3.8   78  175   73   70  159   18    5.00  4.0  86.53
2000 10  8 12 33 59.10  35.3483  133.3257    7.95  3.4  170   55   69   42   53  148    5.00  3.4  76.14
2000 10  8 21 59 26.21  35.3160  133.3128    7.65  3.5   60  330   85   80 -170   -5    5.00  3.3  67.76
2000 10  9 10 24  5.28  35.2697  133.3493   11.98  3.6  223  123   75   57 -146  -18    5.00  3.3  72.12
2000 10  9 10 49 57.84  35.3132  133.3195    8.06  3.5  149  242   83   68  -22 -173    5.00  3.2  72.21
2000 10  9 17 26 16.95  35.3118  133.3212    7.57  3.4  334  244   89   54   36  179    5.00  3.4  88.23
2000 10  9 19 49 18.20  35.1417  133.1577    8.18  3.5  146  238   87   58  -32 -176    8.00  3.5  87.51
2000 10 10  8 19 47.89  35.3648  133.2982   11.21  3.7  242  152   89   67 -157   -1    8.00  3.4  80.35
2000 10 10  9 22 43.93  35.3460  133.3205    9.69  3.6  236  146   87   85 -175   -3    5.00  3.3  81.31
2000 10 10 12 57 59.63  35.3708  133.3065   11.45  4.4  163  253   90   76  -14 -180    8.00  4.4  97.41
2000 10 11 18 53 31.45  35.3610  133.3005    9.69  3.6  342  252   90   59   31  179    8.00  3.8  95.90
2000 10 11 20 35 33.81  37.9350  139.5975   11.85  4.1  355  160   47   44  101   79    8.00  4.0  90.13
2000 10 11 20 37  7.75  37.9375  139.5978   11.62  4.2  348  156   50   40   97   81    8.00  4.1  90.63
2000 10 11 21 48 51.92  35.3698  133.2867    9.60  3.6  338  245   84   61   30  173    5.00  3.5  93.24
2000 10 11 22  9  0.45  35.3713  133.2867    9.57  3.5  147  240   85   64  -26 -174    5.00  3.7  95.24
2000 10 11 23 41 57.80  35.3593  133.3032    9.45  3.6  341  247   80   69   21  169    5.00  3.5  88.21
2000 10 12  8  7 36.79  35.3338  133.3202   10.54  3.5  169  259   85   82   -8 -175   17.00  3.7  86.95
2000 10 12 12 48 30.14  35.3315  133.3050    8.97  3.5  337  230   71   49   44  155   11.00  3.4  72.11
2000 10 13  1 44 22.06  35.2678  133.3542   10.41  3.6  143   50   79   75   15  168    8.00  3.3  80.42
2000 10 13 23  1  4.83  35.3692  133.3173   11.05  3.8   65  335   88   85 -175   -2    8.00  3.6  92.29
2000 10 14 14 34 44.68  35.3230  133.3017    7.36  3.5  161  259   76   60  -31 -163    5.00  3.4  78.99
2000 10 16 21 46 56.57  35.2108  133.3932   12.67  3.6  155   61   84   57   33  173   17.00  3.3  54.21
2000 10 17 10 20 30.09  35.3625  133.2993    9.65  3.6  342  252   89   66   24  178    8.00  3.4  81.94
2000 10 17 13 10 49.54  35.2908  133.3008    8.20  3.7  317  216   67   65   27  155    8.00  3.4  59.16
2000 10 17 13 16 59.77  35.1895  133.4293   11.78  4.2  309  218   87   72   18  177    8.00  4.3  95.81
2000 10 17 16 54 28.83  35.1837  133.4243    8.45  3.3  129  224   76   73  -18 -166    5.00  3.3  67.41
2000 10 17 23  5 12.26  35.3795  133.3012   10.96  3.7  166  259   78   75  -15 -168    8.00  3.5  83.98
2000 10 18  3 58 24.51  36.9203  139.7015    8.98  4.5   93    3   86   84 -174   -4    8.00  4.5  95.34
2000 10 18 14 39 34.26  35.2212  133.2968   11.09  3.8  258  159   69   69 -157  -22    5.00  3.7  91.85
2000 10 18 23  3 41.64  35.3782  133.2718   10.02  3.5  351  259   87   60   30  176    5.00  3.8  83.30
2000 10 19  7 25  3.78  36.9182  139.7063   11.39  4.0   96    6   89   82 -172   -1   11.00  3.9  91.84
2000 10 20 22 40 38.96  35.3875  133.3008   12.08  3.6  156  247   87   67  -23 -177    8.00  3.4  77.53
2000 10 22  1 41 44.21  34.0202  135.2023   10.90  4.0  331  239   86   65   25  176    8.00  3.9  76.78
2000 10 23 22 43 35.26  35.2457  133.3833   12.13  3.6  132  239   71   49  -44 -155    8.00  3.5  61.08
2000 10 24 23  3  4.49  35.1893  133.4265   10.52  3.3  123  218   81   59  -31 -169    8.00  3.3  66.30
2000 10 26  7  6 24.78  36.9165  139.7080   10.47  3.5  184   94   89   71   19  179    8.00  3.3  69.81
2000 10 28 11  8 22.96  35.2780  133.3507    8.72  3.3  202   34   49   42   82   99    8.00  3.2  52.59
2000 10 30  6 58 45.07  35.1887  133.4315    9.97  3.8  311  218   81   73   18  170    5.00  3.4  78.36
2000 11  3  0 40 54.92  35.3602  133.2950   10.37  3.4  165   67   89    5   85  172    5.00  3.8  57.35
2000 11  3  3 37 34.16  35.4513  133.2510   13.62  3.7  287  196   87   86 -176   -3    8.00  3.4  72.00
2000 11  3  7 33 54.99  35.3575  133.2948    9.80  4.5  255  165   87   84 -174   -3    5.00  4.4  96.99
2000 11  3  7 53 42.79  35.3590  133.2975    9.91  3.4  166  257   88   81   -9 -178    5.00  3.5  84.34
2000 11  3 11 20 41.42  35.3513  133.3015    7.57  3.3  357   90   78   74  -16 -168    5.00  3.2  60.15
2000 11  3 19 29 39.76  35.3793  133.2918   10.60  3.4  101  202   70   62  150   22    5.00  3.3  79.40
2000 11  3 22 15 46.98  35.3523  133.3195    8.48  3.7   82  180   72   68  157   19    5.00  3.7  93.72
2000 11  4  1 48  2.42  35.3548  133.3058    9.41  3.5   93  190   78   63  152   14    5.00  3.5  83.37
2000 11  4 18  0 32.23  35.1877  133.4293   11.72  3.8  318  226   86   68   22  176    8.00  3.6  79.55
2000 11 12 10 38  3.20  35.1640  133.1335    9.43  3.6  254  162   83   67 -157   -7    5.00  3.4  73.76
2000 11 13  9 32 25.31  35.3683  133.2910   11.91  3.9  348  257   86   75   15  175    5.00  3.5  72.02
2000 11 23  4 15 39.53  35.3762  133.3063   11.93  3.7  162  252   88   80  -10 -178    5.00  3.5  85.70
2000 12  7 14  9 30.78  35.3673  133.2888   12.38  4.2   79  349   85   82 -172   -5    8.00  4.1  96.72