
log_jma_cat_2000_2012_Mth2.5_formatted.dat
expetations[7] :
[0.1428589886043567, 0.1428589886043567, 0.1428589886043567, 0.1428589886043567, 0.1428589886043567, 0.1428589886043567, 0.1428460683738598]
total_obs: 
77398
quant_por_grupo: 
[11057, 11057, 11057, 11057, 11057, 11057, 11056]
log_likelihood[7]: 
[-49255.25440257952, -49255.25440257952, -49255.25440257952, -49255.25440257952, -49255.25440257952, -49255.25440257952, -49250.79993476325]
joint_log_likelihood: 
-344782.32635


log_jma_cat_2000_2012_Mth2.5_formatted.dat
expetations[7] :
[552.85, 552.85, 552.85, 552.85, 552.85, 552.85, 552.8]
total_obs: 
[20, 20, 20, 20, 20, 20, 20]
quant_por_grupo: 
[11057, 11057, 11057, 11057, 11057, 11057, 11056]
log_likelihood[7]: 
[-10138.765487514509, -10138.765487514509, -10138.765487514509, -10138.765487514509, -10138.765487514509, -10138.765487514509, -10137.848732361264]
joint_log_likelihood: 
-70970.4416574


log_jma_cat_2000_2012_Mth2.5_formatted.dat
expetations[7] :
[1.0, 1.0, 1.0, 1.0, 1.0, 1.0, 1.0]
total_obs: 
[11057, 11057, 11057, 11057, 11057, 11057, 11056]
quant_por_grupo: 
[11057, 11057, 11057, 11057, 11057, 11057, 11056]
log_likelihood[7]: 
[-39911.92455762292, -39911.92455762292, -39911.92455762292, -39911.92455762292, -39911.92455762292, -39911.92455762292, -39907.88092031333]
joint_log_likelihood: 
-279379.428266


log_jma_cat_2000_2012_Mth2.5_formatted.dat
expetations[7] :
[0.1428589886043567, 0.1428589886043567, 0.1428589886043567, 0.1428589886043567, 0.1428589886043567, 0.1428589886043567, 0.1428460683738598]
total_obs: 
77398
quant_por_grupo: 
[11057, 11057, 11057, 11057, 11057, 11057, 11056]
log_likelihood[7]: 
[-49255.25440257952, -49255.25440257952, -49255.25440257952, -49255.25440257952, -49255.25440257952, -49255.25440257952, -49250.79993476325]
joint_log_likelihood: 
-344782.32635


