(-2631.305363113196,)
(-2631.305363113196,)
(-2605.071202937539,)
(-2541.001048784656,)
(-2537.2738691383743,)
(-2537.2738691383743,)
(-2508.6199611969373,)
(-2480.235104754608,)
(-2435.916983647848,)
(-2422.280121354857,)
(-2417.9333338686315,)
(-2417.7920449112394,)
(-2396.5640500716045,)
(-2368.0017014670084,)
(-2368.0017014670084,)
(-2354.6261255844624,)
(-2343.25627854445,)
(-2327.425647052262,)
(-2323.1268654152273,)
(-2296.104231723514,)
(-2291.6093817018336,)
(-2290.0741463549507,)
(-2285.5623607369744,)
(-2274.9786779691,)
(-2268.6406900391985,)
(-2262.293902552973,)
(-2261.54378002619,)
(-2256.368540710958,)
(-2252.900867469055,)
(-2248.3670177416534,)
(-2240.5474248364158,)
(-2236.959810638513,)
(-2230.796447006036,)
(-2226.5535898756953,)
(-2222.789589942539,)
(-2219.4934648716276,)
(-2219.1137437370503,)
(-2218.080319981563,)
(-2214.0101752178557,)
(-2208.706259499934,)
(-2203.9541177706556,)
(-2202.2217240108325,)
(-2200.224233320461,)
(-2195.534317437435,)
(-2192.5400743060113,)
(-2189.4431642930035,)
(-2186.7207086531303,)
(-2184.4122498471447,)
(-2179.7132798428083,)
(-2179.7132798428083,)
(-2179.0143098384724,)
(-2178.116614883367,)
(-2175.463402369592,)
(-2175.463402369592,)
(-2174.190401097529,)
(-2173.1323098718944,)
(-2169.2997264852997,)
(-2169.2997264852997,)
(-2168.901786476628,)
(-2164.776847740019,)
(-2163.7310902494582,)
(-2163.7310902494582,)
(-2163.542665255329,)
(-2160.7979377604324,)
(-2160.712871375364,)
(-2158.639575268337,)
(-2158.3611789643865,)
(-2157.7133614824984,)
(-2155.8435932520642,)
(-2154.6720188095574,)
(-2152.2976927068653,)
(-2148.9966627112017,)
(-2148.9966627112017,)
(-2147.59872270253,)
(-2147.59872270253,)
(-2146.468388934035,)
(-2145.3768739529132,)
(-2144.757085194625,)
(-2142.3133876953925,)
(-2142.3133876953925,)
(-2141.627241533264,)
(-2140.7905089501123,)
(-2138.7064227793117,)
(-2138.7064227793117,)
(-2138.3950928270083,)
(-2138.0074527749757,)
(-2136.5583602438564,)
(-2136.4614502308477,)
(-2134.933176453681,)
(-2133.887418963121,)
(-2133.262235172946,)
(-2133.0635102221763,)
(-2132.262235172945,)
(-2131.767385151266,)
(-2131.101838902417,)
(-2130.6552702568647,)
(-2130.369445142594,)
(-2129.6424464146576,)
(-2128.3694451425936,)
(-2127.772780183153,)
(-2681.8167366603075,)
(-2630.3907186615957,)
(-2577.7042458688566,)
(-2577.7042458688566,)
(-2564.2017514280105,)
(-2536.413200942331,)
(-2504.3789860677166,)
(-2442.575668126343,)
(-2429.7340306184387,)
(-2416.8057830541657,)
(-2407.589815519281,)
(-2391.137722737074,)
(-2367.8042210560257,)
(-2357.703968116405,)
(-2351.473836135609,)
(-2335.7154375634177,)
(-2320.517069909651,)
(-2313.7568406769924,)
(-2304.6879593875847,)
(-2297.839091626672,)
(-2280.258562779324,)
(-2270.7146756533193,)
(-2265.071763096183,)
(-2252.3636785590634,)
(-2246.810836590406,)
(-2243.347376545778,)
(-2240.224615179763,)
(-2226.005882543582,)
(-2224.6079425349103,)
(-2211.5244644216377,)
(-2209.6547981901326,)
(-2202.5774521652042,)
(-2195.813160682227,)
(-2192.0631664258863,)
(-2187.4766731526424,)
(-2185.7900368833803,)
(-2184.652764411698,)
(-2183.3695448226836,)
(-2181.1414014338325,)
(-2176.33756545984,)
(-2176.33756545984,)
(-2167.88163350419,)
(-2167.88163350419,)
(-2167.580603508526,)
(-2165.3975735462836,)
(-2164.6986035419477,)
(-2160.170819871913,)
(-2157.7210238590706,)
(-2156.4937800775674,)
(-2156.1647213583033,)
(-2153.022053854734,)
(-2153.022053854734,)
(-2151.2451484396806,)
(-2150.817933872078,)
(-2148.576322577067,)
(-2148.178382568395,)
(-2145.967604079554,)
(-2143.6367917788584,)
(-2143.6367917788584,)
(-2142.9378217745225,)
(-2141.7563354835797,)
(-2138.687944301306,)
(-2137.290004292634,)
(-2136.4660955516897,)
(-2136.210542849584,)
(-2133.9712455300096,)
(-2133.2722755256736,)
(-2133.221123003226,)
(-2132.1473367890653,)
(-2131.0273029772097,)
(-2128.652486767385,)
(-2127.930392964202,)
(-2126.4306380177686,)
(-2126.004179178363,)
(-2124.4813004330827,)
(-2124.4813004330827,)
(-2123.0553317008093,)
(-2122.5609717862635,)
(-2120.833482951193,)
(-2120.1345129468573,)
(-2118.696210479511,)
(-2117.173331734231,)
(-2117.173331734231,)
(-2115.775391725559,)
(-2115.6908154476246,)
(-2114.61653912633,)
(-2114.2525129802784,)
(-2113.5707816357694,)
(-2112.4054804404873,)
(-2112.4054804404873,)
(-2112.4000854086003,)
(-2111.1044504448228,)
(-2110.0075404318145,)
(-2110.0075404318145,)
(-2109.6096004231426,)
(-2108.376961609753,)
(-2107.697669288002,)
(-2106.1925193096818,)
(-2105.493549305346,)
(-2105.493549305346,)
