(-2648.8229416849135,)
(-2648.8229416849135,)
(-2636.5602928740395,)
(-2636.5602928740395,)
(-2614.4711310700072,)
(-2614.4711310700072,)
(-2599.8753119457897,)
(-2570.955697892975,)
(-2570.955697892975,)
(-2570.955697892975,)
(-2570.955697892975,)
(-2553.536387347365,)
(-2553.536387347365,)
(-2553.536387347365,)
(-2552.1384473386925,)
(-2518.6105434214323,)
(-2518.6105434214323,)
(-2490.6861373787874,)
(-2490.6861373787874,)
(-2490.6861373787874,)
(-2490.6861373787874,)
(-2440.1450953547724,)
(-2440.1450953547724,)
(-2435.923246605156,)
(-2435.923246605156,)
(-2418.64352948709,)
(-2418.64352948709,)
(-2418.64352948709,)
(-2418.64352948709,)
(-2418.64352948709,)
(-2418.64352948709,)
(-2410.0501265024454,)
(-2409.21338845444,)
(-2400.3521334296697,)
(-2400.3521334296697,)
(-2383.9304628495793,)
(-2383.9304628495793,)
(-2383.9304628495793,)
(-2382.2991899996046,)
(-2382.2991899996046,)
(-2376.2733223426103,)
(-2376.0514735929955,)
(-2375.5721912716676,)
(-2374.130654839042,)
(-2370.829624843378,)
(-2365.5851933965355,)
(-2353.897376627646,)
(-2353.897376627646,)
(-2352.8574548401552,)
(-2351.583992452744,)
(-2349.730120488422,)
(-2349.730120488422,)
(-2349.730120488422,)
(-2349.730120488422,)
(-2349.730120488422,)
(-2349.730120488422,)
(-2342.876578390225,)
(-2340.0542742829334,)
(-2340.0542742829334,)
(-2340.0542742829334,)
(-2340.0542742829334,)
(-2337.9293355463255,)
(-2337.9293355463255,)
(-2335.620876740341,)
(-2335.620876740341,)
(-2335.620876740341,)
(-2335.3939628249605,)
(-2331.089043152407,)
(-2331.089043152407,)
(-2331.089043152407,)
(-2331.089043152407,)
(-2330.390073148071,)
(-2328.5470905261795,)
(-2323.4588551588217,)
(-2323.4588551588217,)
(-2323.4588551588217,)
(-2323.4588551588217,)
(-2323.06091515015,)
(-2323.06091515015,)
(-2323.06091515015,)
(-2323.06091515015,)
(-2323.06091515015,)
(-2315.7299219311094,)
(-2315.7299219311094,)
(-2315.7299219311094,)
(-2312.7299219311085,)
(-2312.7299219311085,)
(-2312.7299219311085,)
(-2312.7299219311085,)
(-2305.950336991902,)
(-2305.950336991902,)
(-2305.950336991902,)
(-2305.950336991902,)
(-2300.5523969832307,)
(-2300.5523969832307,)
(-2297.2793957111667,)
(-2297.2793957111667,)
(-2295.8814557024943,)
(-2295.8814557024943,)
(-2295.8814557024943,)
(-2467.370400000783,)
(-2467.370400000783,)
(-2467.370400000783,)
(-2467.370400000783,)
(-2467.370400000783,)
(-2466.4161574913433,)
(-2466.4161574913433,)
(-2466.4161574913433,)
(-2466.4161574913433,)
(-2466.4161574913433,)
(-2466.4161574913433,)
(-2466.4161574913433,)
(-2466.4161574913433,)
(-2461.3526712338225,)
(-2461.3526712338225,)
(-2461.3526712338225,)
(-2461.3526712338225,)
(-2461.3526712338225,)
(-2461.3526712338225,)
(-2444.5234850664892,)
(-2444.5234850664892,)
(-2436.239381035176,)
(-2434.2392001168305,)
(-2434.1813890881986,)
(-2430.0172796199995,)
(-2424.5245351239673,)
(-2424.5245351239673,)
(-2405.502181834617,)
(-2405.502181834617,)
(-2405.502181834617,)
(-2404.0568766633623,)
(-2404.0568766633623,)
(-2404.0568766633623,)
(-2404.0568766633623,)
(-2403.3978430112884,)
(-2400.455590278375,)
(-2400.455590278375,)
(-2398.9327115330943,)
(-2375.6103184858157,)
(-2375.6103184858157,)
(-2375.6103184858157,)
(-2375.6103184858157,)
(-2375.6103184858157,)
(-2370.96056650415,)
(-2368.5523265388374,)
(-2366.1442548846485,)
(-2359.7412000410914,)
(-2349.9453200237476,)
(-2349.9453200237476,)
(-2349.9453200237476,)
(-2349.9453200237476,)
(-2349.9453200237476,)
(-2349.9453200237476,)
(-2349.9453200237476,)
(-2349.9453200237476,)
(-2344.0933825592024,)
(-2344.0933825592024,)
(-2344.0933825592024,)
(-2344.0933825592024,)
(-2344.0933825592024,)
(-2344.0933825592024,)
(-2344.0933825592024,)
(-2344.0933825592024,)
(-2344.0933825592024,)
(-2344.0933825592024,)
(-2336.322461561826,)
(-2335.62349155749,)
(-2335.62349155749,)
(-2335.62349155749,)
(-2335.62349155749,)
(-2335.62349155749,)
(-2332.1006128122094,)
(-2332.1006128122094,)
(-2328.3504902854265,)
(-2328.3504902854265,)
(-2328.3504902854265,)
(-2328.3504902854265,)
(-2328.3504902854265,)
(-2325.6481590276376,)
(-2325.6481590276376,)
(-2325.014102034498,)
(-2325.014102034498,)
(-2320.2236170490414,)
(-2320.2236170490414,)
(-2320.2236170490414,)
(-2320.2236170490414,)
(-2320.2236170490414,)
(-2320.2236170490414,)
(-2320.2236170490414,)
(-2316.773097764246,)
(-2315.7922532848816,)
(-2315.7922532848816,)
(-2312.4912232892175,)
(-2312.4912232892175,)
(-2312.4912232892175,)
(-2312.4912232892175,)
(-2309.4705240972817,)
(-2309.4705240972817,)
(-2309.4705240972817,)
(-2309.4705240972817,)
(-2629.11050318997,)
(-2629.11050318997,)
(-2629.11050318997,)
(-2619.7632570025485,)
(-2619.7632570025485,)
(-2619.7632570025485,)
(-2539.25845545848,)
(-2531.7658220375824,)
(-2531.7658220375824,)
(-2531.7658220375824,)
(-2531.7658220375824,)
(-2512.4047270863175,)
(-2510.0067870776456,)
(-2510.0067870776456,)
(-2510.0067870776456,)
(-2510.0067870776456,)
(-2510.0067870776456,)
(-2504.0883664614294,)
(-2498.6675946074974,)
(-2498.6675946074974,)
(-2495.6191291935024,)
(-2481.7290057914997,)
(-2481.7290057914997,)
(-2481.7290057914997,)
(-2478.6832483009393,)
(-2478.6832483009393,)
(-2478.6832483009393,)
(-2478.6832483009393,)
(-2476.1761638228427,)
(-2461.604067054892,)
(-2461.604067054892,)
(-2461.604067054892,)
(-2438.993184099944,)
(-2438.993184099944,)
(-2438.993184099944,)
(-2438.993184099944,)
(-2432.093296460544,)
(-2423.80256642152,)
(-2423.80256642152,)
(-2423.80256642152,)
(-2419.9560546242806,)
(-2419.9560546242806,)
(-2375.3930303257903,)
(-2375.3930303257903,)
(-2375.3930303257903,)
(-2375.3930303257903,)
(-2368.658145695957,)
(-2368.658145695957,)
(-2368.658145695957,)
(-2357.9090696465405,)
(-2351.8121596335322,)
(-2351.8121596335322,)
(-2351.8121596335322,)
(-2351.8121596335322,)
(-2344.8505039593633,)
(-2343.878532682964,)
(-2343.878532682964,)
(-2342.8436488892416,)
(-2342.8436488892416,)
(-2342.8436488892416,)
(-2334.7274997225322,)
(-2334.7274997225322,)
(-2331.613434682764,)
(-2317.901084734988,)
(-2317.901084734988,)
(-2317.901084734988,)
(-2317.901084734988,)
(-2317.901084734988,)
(-2317.901084734988,)
(-2317.901084734988,)
(-2317.901084734988,)
(-2317.901084734988,)
(-2317.901084734988,)
(-2310.7424233372712,)
(-2310.0434533329353,)
(-2310.0434533329353,)
(-2307.3444833285994,)
(-2307.3444833285994,)
(-2307.3444833285994,)
(-2307.3444833285994,)
(-2304.72602833148,)
(-2300.563808192648,)
(-2299.0763756284705,)
(-2296.9054808439882,)
(-2296.9054808439882,)
(-2296.9054808439882,)
(-2296.9054808439882,)
(-2296.2065108396523,)
(-2296.2065108396523,)
(-2294.428558146582,)
(-2294.428558146582,)
(-2294.336844608148,)
(-2294.336844608148,)
(-2291.8085708309814,)
(-2291.8085708309814,)
(-2291.8085708309814,)
(-2291.8085708309814,)
(-2291.8085708309814,)
(-2290.598974176749,)
(-2284.2625682868534,)
(-2639.9076758021592,)
(-2638.906873882646,)
(-2625.26984646453,)
(-2603.092669399317,)
(-2603.092669399317,)
(-2603.092669399317,)
(-2603.092669399317,)
(-2587.9924202180778,)
(-2576.493754602614,)
(-2576.493754602614,)
(-2554.535061652105,)
(-2551.3047583116445,)
(-2494.5863950928983,)
(-2490.2907601291204,)
(-2490.2907601291204,)
(-2490.2907601291204,)
(-2490.2907601291204,)
(-2490.2907601291204,)
(-2427.419053355967,)
(-2427.419053355967,)
(-2427.419053355967,)
(-2426.7200833516313,)
(-2426.7200833516313,)
(-2426.7200833516313,)
(-2425.7200833516313,)
(-2425.7200833516313,)
(-2425.7200833516313,)
(-2425.7200833516313,)
(-2425.7200833516313,)
(-2425.7200833516313,)
(-2425.7200833516313,)
(-2408.9221035248725,)
(-2408.4259083892052,)
(-2408.4259083892052,)
(-2408.4259083892052,)
(-2408.4259083892052,)
(-2408.4259083892052,)
(-2406.0279683805334,)
(-2406.0279683805334,)
(-2406.0279683805334,)
(-2406.0279683805334,)
(-2406.0279683805334,)
(-2406.0279683805334,)
(-2406.0279683805334,)
(-2403.688947469464,)
(-2398.3350771195946,)
(-2398.1660687241833,)
(-2396.0710932109523,)
(-2396.0710932109523,)
(-2386.7550437952214,)
(-2367.6908730006853,)
(-2367.6908730006853,)
(-2367.6908730006853,)
(-2367.6908730006853,)
(-2367.6908730006853,)
(-2367.6908730006853,)
(-2361.794544338533,)
(-2360.2942992849653,)
(-2360.2942992849653,)
(-2360.2942992849653,)
(-2360.2942992849653,)
(-2360.2942992849653,)
(-2360.2942992849653,)
(-2356.975540522342,)
(-2356.975540522342,)
(-2356.975540522342,)
(-2356.975540522342,)
(-2356.276570518006,)
(-2356.276570518006,)
(-2355.9840853262676,)
(-2336.0607426867477,)
(-2336.0607426867477,)
(-2336.0607426867477,)
(-2336.0607426867477,)
(-2336.0607426867477,)
(-2336.0607426867477,)
(-2336.0607426867477,)
(-2335.2368339458035,)
(-2335.2368339458035,)
(-2333.9403082202675,)
(-2329.897381689958,)
(-2327.29532169863,)
(-2327.29532169863,)
(-2327.29532169863,)
(-2324.793136446571,)
(-2324.793136446571,)
(-2303.7705027548573,)
(-2303.7705027548573,)
(-2303.7705027548573,)
(-2303.7705027548573,)
(-2303.7705027548573,)
(-2303.7705027548573,)
(-2302.7197467596015,)
(-2301.3725627461854,)
(-2301.3725627461854,)
(-2300.082229234353,)
(-2297.2176607861998,)
(-2297.2176607861998,)
(-2297.2176607861998,)
(-2293.345470669127,)
(-2750.051493179183,)
(-2674.6639751094913,)
(-2674.6639751094913,)
(-2617.2070406228054,)
(-2617.2070406228054,)
(-2617.2070406228054,)
(-2613.985191873188,)
(-2560.451576532521,)
(-2539.1715022974263,)
(-2525.6486235521465,)
(-2525.6486235521465,)
(-2525.6486235521465,)
(-2525.6486235521465,)
(-2525.6486235521465,)
(-2507.6124705756697,)
(-2497.4526745964727,)
(-2497.4526745964727,)
(-2460.735181103963,)
(-2460.735181103963,)
(-2460.735181103963,)
(-2460.735181103963,)
(-2423.4259317190936,)
(-2423.4259317190936,)
(-2416.5848556696924,)
(-2400.0078326378352,)
(-2400.0078326378352,)
(-2400.0078326378352,)
(-2400.0078326378352,)
(-2400.0078326378352,)
(-2400.0078326378352,)
(-2400.0078326378352,)
(-2399.990103870875,)
(-2399.915078584598,)
(-2386.455331803872,)
(-2386.455331803872,)
(-2386.455331803872,)
(-2386.455331803872,)
(-2386.455331803872,)
(-2382.455331803872,)
(-2382.455331803872,)
(-2377.1657312699886,)
(-2377.1657312699886,)
(-2377.1657312699886,)
(-2377.1657312699886,)
(-2377.1657312699886,)
(-2377.1657312699886,)
(-2377.1657312699886,)
(-2377.1657312699886,)
(-2377.1657312699886,)
(-2376.476521102942,)
(-2373.8647012743245,)
(-2373.8647012743245,)
(-2373.436306649048,)
(-2364.477699334206,)
(-2364.477699334206,)
(-2364.477699334206,)
(-2364.477699334206,)
(-2364.477699334206,)
(-2364.477699334206,)
(-2354.9457892244127,)
(-2347.002336778747,)
(-2347.002336778747,)
(-2347.002336778747,)
(-2347.002336778747,)
(-2347.002336778747,)
(-2327.343300088305,)
(-2327.343300088305,)
(-2327.343300088305,)
(-2327.343300088305,)
(-2327.343300088305,)
(-2323.1849375962092,)
(-2323.1849375962092,)
(-2323.1849375962092,)
(-2323.1849375962092,)
(-2323.1849375962092,)
(-2323.1849375962092,)
(-2320.800385951279,)
(-2313.657718447711,)
(-2313.657718447711,)
(-2310.1930125677536,)
(-2310.1930125677536,)
(-2310.1930125677536,)
(-2310.1667187221155,)
(-2310.1667187221155,)
(-2310.1667187221155,)
(-2305.01181676213,)
(-2301.803846483389,)
(-2301.803846483389,)
(-2301.803846483389,)
(-2301.803846483389,)
(-2296.884366080209,)
(-2296.185396075873,)
(-2296.185396075873,)
(-2296.185396075873,)
(-2292.4589747934724,)
(-2289.7422760221757,)
(-2289.1396385853122,)
(-2288.014699848704,)
(-2288.014699848704,)
(-2286.983607120184,)
(-2610.839118093386,)
(-2610.839118093386,)
(-2610.839118093386,)
(-2610.839118093386,)
(-2610.839118093386,)
(-2610.839118093386,)
(-2596.251910769762,)
(-2592.6329098173665,)
(-2592.6329098173665,)
(-2592.6329098173665,)
(-2592.6329098173665,)
(-2592.6329098173665,)
(-2592.6329098173665,)
(-2582.9302374743133,)
(-2573.3311938419592,)
(-2520.449623242226,)
(-2520.449623242226,)
(-2520.449623242226,)
(-2520.449623242226,)
(-2515.3303309004423,)
(-2494.9992094109584,)
(-2493.258191301534,)
(-2482.163852655379,)
(-2478.550666786388,)
(-2473.5174239492458,)
(-2473.5174239492458,)
(-2467.60369509866,)
(-2450.3197193666656,)
(-2438.9449031568397,)
(-2415.54454191016,)
(-2415.54454191016,)
(-2415.54454191016,)
(-2415.54454191016,)
(-2415.54454191016,)
(-2397.5254165980477,)
(-2397.5254165980477,)
(-2397.5254165980477,)
(-2390.887361118174,)
(-2390.701507857104,)
(-2390.701507857104,)
(-2388.175518007169,)
(-2388.175518007169,)
(-2387.455768762233,)
(-2360.870045901972,)
(-2360.870045901972,)
(-2360.870045901972,)
(-2360.870045901972,)
(-2360.870045901972,)
(-2354.8242884114106,)
(-2354.8242884114106,)
(-2347.4084913653355,)
(-2347.4084913653355,)
(-2347.4084913653355,)
(-2341.3115813523277,)
(-2334.7463362433355,)
(-2333.6865258325956,)
(-2329.795901526757,)
(-2329.0334452648995,)
(-2329.0334452648995,)
(-2329.0334452648995,)
(-2329.0334452648995,)
(-2329.0334452648995,)
(-2318.9643037589685,)
(-2307.0080274710963,)
(-2307.0080274710963,)
(-2307.0080274710963,)
(-2307.0080274710963,)
(-2307.0080274710963,)
(-2307.0080274710963,)
(-2303.547371509039,)
(-2303.547371509039,)
(-2303.547371509039,)
(-2303.547371509039,)
(-2303.547371509039,)
(-2302.3626468305456,)
(-2302.3626468305456,)
(-2302.3626468305456,)
(-2296.5909711377417,)
(-2296.5909711377417,)
(-2295.7598247336514,)
(-2288.7598247336514,)
(-2288.7598247336514,)
(-2288.7598247336514,)
(-2288.7598247336514,)
(-2288.7598247336514,)
(-2285.3940700552735,)
(-2275.1367637717362,)
(-2275.1367637717362,)
(-2275.1367637717362,)
(-2268.737091763281,)
(-2268.737091763281,)
(-2268.737091763281,)
(-2268.737091763281,)
(-2266.0116190676767,)
(-2266.0116190676767,)
(-2263.180051173284,)
(-2263.180051173284,)
(-2258.9582024236674,)
(-2258.9582024236674,)
(-2257.2592324193315,)
(-2659.529882735209,)
(-2659.529882735209,)
(-2658.830912730873,)
(-2658.3591865080402,)
(-2658.131942726537,)
(-2650.1555907892516,)
(-2576.641001260173,)
(-2575.1181225148925,)
(-2575.1181225148925,)
(-2573.5672150460127,)
(-2573.5672150460127,)
(-2570.524346209827,)
(-2564.36761834229,)
(-2537.6584867479855,)
(-2470.4913673567626,)
(-2466.662438932158,)
(-2466.662438932158,)
(-2466.662438932158,)
(-2435.154352393858,)
(-2435.154352393858,)
(-2429.391896132001,)
(-2429.391896132001,)
(-2429.391896132001,)
(-2411.140084159007,)
(-2411.140084159007,)
(-2411.140084159007,)
(-2411.140084159007,)
(-2411.140084159007,)
(-2411.140084159007,)
(-2411.140084159007,)
(-2408.3892875437164,)
(-2408.3892875437164,)
(-2408.3892875437164,)
(-2408.3892875437164,)
(-2408.3892875437164,)
(-2408.3892875437164,)
(-2406.797527509028,)
(-2406.797527509028,)
(-2405.7872275523882,)
(-2405.7872275523882,)
(-2405.7872275523882,)
(-2405.7872275523882,)
(-2405.7872275523882,)
(-2405.7872275523882,)
(-2405.7872275523882,)
(-2405.7872275523882,)
(-2405.7872275523882,)
(-2405.7872275523882,)
(-2395.533389816926,)
(-2395.533389816926,)
(-2387.556513615773,)
(-2387.135449808254,)
(-2385.964753581085,)
(-2385.964753581085,)
(-2385.964753581085,)
(-2385.964753581085,)
(-2385.964753581085,)
(-2385.964753581085,)
(-2385.964753581085,)
(-2385.964753581085,)
(-2385.964753581085,)
(-2384.3071565256696,)
(-2384.3071565256696,)
(-2384.3071565256696,)
(-2380.6530151613365,)
(-2379.8291064203922,)
(-2379.8291064203922,)
(-2379.8291064203922,)
(-2379.1301364160563,)
(-2376.730104123799,)
(-2376.730104123799,)
(-2376.730104123799,)
(-2375.809090939966,)
(-2375.809090939966,)
(-2375.809090939966,)
(-2374.199212135344,)
(-2373.207030948638,)
(-2373.207030948638,)
(-2366.6142780136515,)
(-2366.6142780136515,)
(-2366.6142780136515,)
(-2366.6142780136515,)
(-2366.6142780136515,)
(-2366.6142780136515,)
(-2366.6142780136515,)
(-2366.6142780136515,)
(-2366.6142780136515,)
(-2362.509160664861,)
(-2360.5227630325303,)
(-2360.5227630325303,)
(-2353.7037592163388,)
(-2353.7037592163388,)
(-2353.7037592163388,)
(-2353.7037592163388,)
(-2353.7037592163388,)
(-2353.7037592163388,)
(-2353.7037592163388,)
(-2351.1016992250115,)
(-2349.1373327243405,)
(-2347.2320329935064,)
(-2617.7038645138496,)
(-2617.7038645138496,)
(-2565.0385240222035,)
(-2557.49985100974,)
(-2557.49985100974,)
(-2548.704780657098,)
(-2547.9955106961224,)
(-2547.9955106961224,)
(-2547.9955106961224,)
(-2540.746504580124,)
(-2540.746504580124,)
(-2540.746504580124,)
(-2537.975077125249,)
(-2527.2531642404115,)
(-2527.2531642404115,)
(-2527.2531642404115,)
(-2526.6861403110934,)
(-2525.6201301680057,)
(-2516.4423236456387,)
(-2505.619351551236,)
(-2495.878222739021,)
(-2495.145828979197,)
(-2495.145828979197,)
(-2495.145828979197,)
(-2495.145828979197,)
(-2495.145828979197,)
(-2487.670504073684,)
(-2468.727090499933,)
(-2464.3749079818217,)
(-2464.3749079818217,)
(-2463.0236656594952,)
(-2453.343326469468,)
(-2450.9453864607963,)
(-2430.0359993945685,)
(-2430.0359993945685,)
(-2430.0359993945685,)
(-2386.9850822845024,)
(-2386.9850822845024,)
(-2386.9850822845024,)
(-2386.9850822845024,)
(-2361.437635347731,)
(-2361.437635347731,)
(-2361.437635347731,)
(-2361.437635347731,)
(-2361.437635347731,)
(-2361.437635347731,)
(-2361.437635347731,)
(-2361.437635347731,)
(-2361.437635347731,)
(-2361.437635347731,)
(-2361.437635347731,)
(-2361.437635347731,)
(-2350.3039226868154,)
(-2350.3039226868154,)
(-2350.3039226868154,)
(-2350.3039226868154,)
(-2350.3039226868154,)
(-2348.4759203689146,)
(-2341.6854353834565,)
(-2341.6854353834565,)
(-2337.2874953747846,)
(-2337.2874953747846,)
(-2337.2874953747846,)
(-2334.6854353834565,)
(-2333.0318580612934,)
(-2323.1837459372464,)
(-2314.859773061081,)
(-2314.859773061081,)
(-2314.859773061081,)
(-2314.859773061081,)
(-2314.859773061081,)
(-2314.859773061081,)
(-2313.206070440172,)
(-2313.206070440172,)
(-2313.206070440172,)
(-2312.382161699228,)
(-2312.382161699228,)
(-2307.7184602945013,)
(-2307.468092714151,)
(-2307.468092714151,)
(-2307.468092714151,)
(-2307.468092714151,)
(-2307.468092714151,)
(-2307.468092714151,)
(-2307.468092714151,)
(-2304.09682669209,)
(-2301.494766700762,)
(-2301.494766700762,)
(-2301.494766700762,)
(-2301.494766700762,)
(-2293.414064092448,)
(-2293.414064092448,)
(-2293.414064092448,)
(-2293.414064092448,)
(-2293.414064092448,)
(-2288.84003282472,)
(-2284.049057732129,)
(-2284.049057732129,)
(-2284.049057732129,)
(-2284.049057732129,)
(-2573.9122270178314,)
(-2573.9122270178314,)
(-2573.9122270178314,)
(-2573.9122270178314,)
(-2573.9122270178314,)
(-2573.9122270178314,)
(-2573.9122270178314,)
(-2564.1680620582656,)
(-2536.6574503185766,)
(-2536.6574503185766,)
(-2536.6574503185766,)
(-2522.8689524807987,)
(-2512.8177964009637,)
(-2488.9115084398954,)
(-2488.9115084398954,)
(-2488.9115084398954,)
(-2488.9115084398954,)
(-2483.839712521375,)
(-2482.664330929564,)
(-2481.0678468884685,)
(-2481.0678468884685,)
(-2475.5162683941085,)
(-2463.7284517831677,)
(-2444.785642221854,)
(-2444.785642221854,)
(-2444.785642221854,)
(-2438.7174284715798,)
(-2438.7174284715798,)
(-2438.7174284715798,)
(-2432.3741957019247,)
(-2432.3741957019247,)
(-2422.591735096238,)
(-2419.9652603089507,)
(-2414.795855078894,)
(-2414.795855078894,)
(-2414.795855078894,)
(-2414.795855078894,)
(-2414.795855078894,)
(-2411.0901990455595,)
(-2396.073271168578,)
(-2393.675331159906,)
(-2393.675331159906,)
(-2378.987151219343,)
(-2378.987151219343,)
(-2378.987151219343,)
(-2378.987151219343,)
(-2378.987151219343,)
(-2371.25762860584,)
(-2364.0992661137448,)
(-2357.069302890367,)
(-2357.069302890367,)
(-2357.069302890367,)
(-2357.069302890367,)
(-2351.444609207326,)
(-2351.444609207326,)
(-2351.444609207326,)
(-2349.208591501515,)
(-2349.208591501515,)
(-2349.208591501515,)
(-2349.208591501515,)
(-2346.907561505851,)
(-2331.9676688709515,)
(-2331.9676688709515,)
(-2331.9676688709515,)
(-2327.9676688709515,)
(-2327.9676688709515,)
(-2327.9676688709515,)
(-2318.670755111159,)
(-2318.670755111159,)
(-2318.670755111159,)
(-2318.670755111159,)
(-2315.6562896522078,)
(-2315.6562896522078,)
(-2313.841335753916,)
(-2310.3625392697163,)
(-2304.1757895050673,)
(-2304.1757895050673,)
(-2304.1757895050673,)
(-2301.8379568614955,)
(-2296.3171435221216,)
(-2296.3171435221216,)
(-2296.3171435221216,)
(-2293.5147832812518,)
(-2293.5147832812518,)
(-2293.5147832812518,)
(-2291.317683641472,)
(-2291.317683641472,)
(-2290.535745031222,)
(-2290.535745031222,)
(-2285.4323224214404,)
(-2285.4323224214404,)
(-2285.4323224214404,)
(-2285.4323224214404,)
(-2285.4323224214404,)
(-2285.4323224214404,)
(-2285.4323224214404,)
(-2284.828637119123,)
(-2284.775450818242,)
(-2282.6839358371208,)
(-2282.6839358371208,)
(-2579.767387005311,)
(-2575.5455382556947,)
(-2575.5455382556947,)
(-2575.5455382556947,)
(-2553.0668146220173,)
(-2524.3260061388914,)
(-2523.502097397947,)
(-2523.502097397947,)
(-2519.1517066356846,)
(-2519.1517066356846,)
(-2517.3683847370307,)
(-2516.201067402283,)
(-2500.484369479217,)
(-2500.484369479217,)
(-2500.484369479217,)
(-2476.5335058621986,)
(-2476.5335058621986,)
(-2476.5335058621986,)
(-2476.5335058621986,)
(-2476.5335058621986,)
(-2476.5335058621986,)
(-2476.5335058621986,)
(-2476.5335058621986,)
(-2476.204700077966,)
(-2476.204700077966,)
(-2474.4229890168162,)
(-2474.4229890168162,)
(-2473.9016262396535,)
(-2457.8626311585735,)
(-2457.8626311585735,)
(-2457.8626311585735,)
(-2457.8626311585735,)
(-2425.9570172860135,)
(-2425.9570172860135,)
(-2425.9570172860135,)
(-2425.9570172860135,)
(-2425.9570172860135,)
(-2423.0840934452135,)
(-2423.0840934452135,)
(-2421.828721661454,)
(-2421.5010853303643,)
(-2421.129751657118,)
(-2410.2881250249666,)
(-2409.8163988021333,)
(-2409.8163988021333,)
(-2394.436528398373,)
(-2394.436528398373,)
(-2394.436528398373,)
(-2394.436528398373,)
(-2394.436528398373,)
(-2394.436528398373,)
(-2391.902859589319,)
(-2391.902859589319,)
(-2391.902859589319,)
(-2391.834468407045,)
(-2391.834468407045,)
(-2391.834468407045,)
(-2391.834468407045,)
(-2391.164490293147,)
(-2388.104563846392,)
(-2388.104563846392,)
(-2386.6795664470596,)
(-2371.3142955551402,)
(-2371.3142955551402,)
(-2371.3142955551402,)
(-2371.3142955551402,)
(-2371.3142955551402,)
(-2371.3142955551402,)
(-2361.367989724615,)
(-2350.104846571578,)
(-2348.4742677495165,)
(-2348.4742677495165,)
(-2348.4742677495165,)
(-2342.7874155351137,)
(-2336.5357202286036,)
(-2325.6660539970985,)
(-2325.2681139884266,)
(-2325.2681139884266,)
(-2325.2681139884266,)
(-2325.2681139884266,)
(-2325.2681139884266,)
(-2325.2681139884266,)
(-2325.2681139884266,)
(-2325.2681139884266,)
(-2325.2681139884266,)
(-2325.2681139884266,)
(-2325.2681139884266,)
(-2323.6817422224103,)
(-2322.9827722180744,)
(-2322.9827722180744,)
(-2316.6359847318495,)
(-2315.9370147275135,)
(-2315.9370147275135,)
(-2315.9370147275135,)
(-2315.9370147275135,)
(-2315.753254472026,)
(-2315.753254472026,)
(-2308.8724230307403,)
(-2308.8724230307403,)
(-2308.8724230307403,)
(-2678.1595604945246,)
(-2532.2885387956694,)
(-2510.6397400708643,)
(-2510.6397400708643,)
(-2510.6397400708643,)
(-2510.6397400708643,)
(-2510.6397400708643,)
(-2504.542830057856,)
(-2504.542830057856,)
(-2504.542830057856,)
(-2504.542830057856,)
(-2493.508383620697,)
(-2493.508383620697,)
(-2493.508383620697,)
(-2489.3546852607287,)
(-2489.3546852607287,)
(-2489.3546852607287,)
(-2489.3546852607287,)
(-2489.3546852607287,)
(-2487.8372015473356,)
(-2487.8372015473356,)
(-2487.8372015473356,)
(-2472.967564626782,)
(-2472.967564626782,)
(-2472.967564626782,)
(-2472.967564626782,)
(-2472.967564626782,)
(-2459.8712017337743,)
(-2459.7462629971656,)
(-2459.7462629971656,)
(-2445.251412975486,)
(-2442.3251991896464,)
(-2442.3251991896464,)
(-2442.3251991896464,)
(-2441.437804191181,)
(-2441.437804191181,)
(-2417.70927066997,)
(-2417.70927066997,)
(-2414.408240674306,)
(-2414.408240674306,)
(-2414.408240674306,)
(-2411.087691004064,)
(-2411.087691004064,)
(-2400.181440912808,)
(-2400.181440912808,)
(-2400.181440912808,)
(-2400.181440912808,)
(-2400.181440912808,)
(-2392.658562167527,)
(-2392.658562167527,)
(-2392.658562167527,)
(-2392.658562167527,)
(-2392.658562167527,)
(-2392.658562167527,)
(-2392.658562167527,)
(-2379.061897208087,)
(-2379.061897208087,)
(-2379.061897208087,)
(-2379.061897208087,)
(-2379.061897208087,)
(-2373.678207795297,)
(-2373.678207795297,)
(-2368.137600283056,)
(-2368.137600283056,)
(-2368.137600283056,)
(-2368.137600283056,)
(-2367.64478403981,)
(-2367.64478403981,)
(-2367.64478403981,)
(-2366.945814035474,)
(-2366.945814035474,)
(-2366.945814035474,)
(-2363.9476999560734,)
(-2361.5961344424773,)
(-2353.8332090339395,)
(-2353.8332090339395,)
(-2350.9025594700283,)
(-2350.611360284323,)
(-2350.611360284323,)
(-2349.5082910782216,)
(-2338.100489133621,)
(-2336.401519129285,)
(-2336.401519129285,)
(-2336.401519129285,)
(-2334.7159130865075,)
(-2334.7159130865075,)
(-2333.0169430821707,)
(-2333.0169430821707,)
(-2333.0169430821707,)
(-2330.1952671231275,)
(-2319.670155595946,)
(-2319.351396833322,)
(-2319.351396833322,)
(-2318.1472768506655,)
(-2318.1472768506655,)
(-2316.504854400664,)
(-2315.106914391992,)
(-2313.6190030734992,)
(-2312.0961243282186,)
(-2312.0961243282186,)
(-2613.639722815481,)
(-2613.639722815481,)
(-2604.9520754502355,)
(-2597.770056583977,)
(-2590.1508004010043,)
(-2590.1508004010043,)
(-2588.7538089791283,)
(-2587.7080514885674,)
(-2577.6742160275235,)
(-2577.6742160275235,)
(-2556.8378725567554,)
(-2556.8378725567554,)
(-2556.8378725567554,)
(-2556.8378725567554,)
(-2539.220273637129,)
(-2488.7746042116096,)
(-2467.820525081871,)
(-2467.820525081871,)
(-2462.9454754995,)
(-2457.349441782149,)
(-2457.349441782149,)
(-2453.629101560398,)
(-2389.100982042312,)
(-2389.100982042312,)
(-2389.100982042312,)
(-2389.100982042312,)
(-2389.100982042312,)
(-2389.100982042312,)
(-2363.3494151228847,)
(-2363.3494151228847,)
(-2363.3494151228847,)
(-2363.3494151228847,)
(-2363.3494151228847,)
(-2363.3494151228847,)
(-2363.3494151228847,)
(-2354.276271831835,)
(-2354.276271831835,)
(-2353.7893407276083,)
(-2353.7893407276083,)
(-2353.7893407276083,)
(-2353.7893407276083,)
(-2353.7893407276083,)
(-2353.7893407276083,)
(-2353.7893407276083,)
(-2353.7893407276083,)
(-2353.7893407276083,)
(-2353.577301827499,)
(-2353.577301827499,)
(-2351.00187048063,)
(-2351.00187048063,)
(-2349.7711218535146,)
(-2349.0721518491787,)
(-2347.1819230305796,)
(-2347.1819230305796,)
(-2347.1819230305796,)
(-2344.9984029612037,)
(-2344.9984029612037,)
(-2344.9984029612037,)
(-2342.9960346080493,)
(-2342.9960346080493,)
(-2332.0173055468067,)
(-2332.0173055468067,)
(-2332.0173055468067,)
(-2332.0173055468067,)
(-2332.0173055468067,)
(-2323.0586982319655,)
(-2323.0586982319655,)
(-2323.0586982319655,)
(-2323.0586982319655,)
(-2323.0586982319655,)
(-2322.3597282276296,)
(-2315.0360645402516,)
(-2315.0360645402516,)
(-2315.0360645402516,)
(-2315.0360645402516,)
(-2315.0360645402516,)
(-2313.4672941601702,)
(-2305.4295055992807,)
(-2305.4295055992807,)
(-2305.4295055992807,)
(-2304.667049337424,)
(-2304.667049337424,)
(-2304.667049337424,)
(-2304.667049337424,)
(-2302.7914479546816,)
(-2302.7914479546816,)
(-2302.7914479546816,)
(-2302.7914479546816,)
(-2302.7914479546816,)
(-2302.7914479546816,)
(-2302.7914479546816,)
(-2300.8662643953267,)
(-2300.8662643953267,)
(-2296.969870240705,)
(-2296.969870240705,)
(-2296.969870240705,)
(-2295.115861671541,)
(-2294.607927885306,)
(-2292.3769122092936,)
(-2288.710232930199,)
(-2661.308415794928,)
(-2541.8133474758415,)
(-2541.8133474758415,)
(-2541.8133474758415,)
(-2540.8672838062053,)
(-2537.5177125120645,)
(-2530.8187425077285,)
(-2530.8187425077285,)
(-2530.8187425077285,)
(-2530.1197725033926,)
(-2530.1197725033926,)
(-2530.1197725033926,)
(-2526.4208024990567,)
(-2500.4213426184074,)
(-2500.4213426184074,)
(-2500.4213426184074,)
(-2500.4213426184074,)
(-2500.028730714522,)
(-2500.028730714522,)
(-2500.028730714522,)
(-2500.028730714522,)
(-2500.028730714522,)
(-2500.028730714522,)
(-2500.028730714522,)
(-2500.028730714522,)
(-2500.028730714522,)
(-2500.028730714522,)
(-2483.832848685948,)
(-2479.7079099493394,)
(-2479.6860982530925,)
(-2476.406879953676,)
(-2476.406879953676,)
(-2470.607586425488,)
(-2466.607586425488,)
(-2466.607586425488,)
(-2466.607586425488,)
(-2458.5671688379107,)
(-2458.5671688379107,)
(-2455.8014064515037,)
(-2451.712958110986,)
(-2451.712958110986,)
(-2451.712958110986,)
(-2446.911821561027,)
(-2446.4400953381937,)
(-2446.4400953381937,)
(-2429.9859593830497,)
(-2429.9859593830497,)
(-2429.9859593830497,)
(-2420.961135799324,)
(-2420.961135799324,)
(-2420.961135799324,)
(-2420.961135799324,)
(-2411.0580458123327,)
(-2411.0580458123327,)
(-2407.8415920946027,)
(-2407.8415920946027,)
(-2407.8415920946027,)
(-2407.8415920946027,)
(-2407.8415920946027,)
(-2405.364470839883,)
(-2404.665500835547,)
(-2404.665500835547,)
(-2399.700549902023,)
(-2369.182054289701,)
(-2367.784114281029,)
(-2367.784114281029,)
(-2367.074331903886,)
(-2367.074331903886,)
(-2367.074331903886,)
(-2367.074331903886,)
(-2367.074331903886,)
(-2367.074331903886,)
(-2353.783407434982,)
(-2353.783407434982,)
(-2353.783407434982,)
(-2352.589587408966,)
(-2352.589587408966,)
(-2352.589587408966,)
(-2352.589587408966,)
(-2352.589587408966,)
(-2348.269483532355,)
(-2348.269483532355,)
(-2345.2114915853776,)
(-2342.813551576706,)
(-2342.813551576706,)
(-2342.813551576706,)
(-2342.813551576706,)
(-2342.813551576706,)
(-2342.813551576706,)
(-2342.813551576706,)
(-2342.1327936237594,)
(-2335.4053116113937,)
(-2335.4053116113937,)
(-2334.7063416070578,)
(-2334.0686932108115,)
(-2333.721905724587,)
(-2333.721905724587,)
(-2321.969513048454,)
(-2321.969513048454,)
(-2321.969513048454,)
(-2650.6668697919486,)
(-2645.7223871198,)
(-2640.019973838767,)
(-2632.6734500716393,)
(-2616.264591716339,)
(-2614.0953398818133,)
(-2614.0953398818133,)
(-2600.596855575478,)
(-2590.443108414751,)
(-2584.467054317793,)
(-2584.467054317793,)
(-2577.463245586082,)
(-2577.463245586082,)
(-2508.3824640963994,)
(-2508.3824640963994,)
(-2508.3824640963994,)
(-2508.3824640963994,)
(-2505.2010594451453,)
(-2505.2010594451453,)
(-2495.7400462830437,)
(-2495.7400462830437,)
(-2495.7400462830437,)
(-2494.819227529091,)
(-2494.819227529091,)
(-2494.819227529091,)
(-2476.695614649596,)
(-2475.091520879834,)
(-2444.82066884682,)
(-2444.82066884682,)
(-2444.82066884682,)
(-2444.82066884682,)
(-2442.2417326543386,)
(-2442.2417326543386,)
(-2442.2417326543386,)
(-2432.7569962804614,)
(-2432.7569962804614,)
(-2432.7569962804614,)
(-2432.7569962804614,)
(-2432.7569962804614,)
(-2425.099426783081,)
(-2402.736770555784,)
(-2383.300926981758,)
(-2382.601956977421,)
(-2382.601956977421,)
(-2382.601956977421,)
(-2382.601956977421,)
(-2382.601956977421,)
(-2382.601956977421,)
(-2382.601956977421,)
(-2382.601956977421,)
(-2382.601956977421,)
(-2382.601956977421,)
(-2382.601956977421,)
(-2381.7391301704474,)
(-2381.7391301704474,)
(-2381.7391301704474,)
(-2379.318306006044,)
(-2378.147609778876,)
(-2378.147609778876,)
(-2378.147609778876,)
(-2372.641335213221,)
(-2356.808880654956,)
(-2346.4479242125367,)
(-2346.4479242125367,)
(-2346.4479242125367,)
(-2346.4479242125367,)
(-2335.261480492291,)
(-2335.261480492291,)
(-2335.261480492291,)
(-2335.261480492291,)
(-2335.261480492291,)
(-2335.261480492291,)
(-2335.261480492291,)
(-2335.23345176869,)
(-2335.23345176869,)
(-2328.8217706346136,)
(-2321.3754238445977,)
(-2321.3754238445977,)
(-2315.175135965654,)
(-2315.175135965654,)
(-2315.175135965654,)
(-2315.175135965654,)
(-2308.4351718964995,)
(-2308.4351718964995,)
(-2308.4351718964995,)
(-2304.8856844180814,)
(-2304.8856844180814,)
(-2304.8856844180814,)
(-2304.8856844180814,)
(-2302.1717474502307,)
(-2302.1717474502307,)
(-2302.1717474502307,)
(-2302.1717474502307,)
(-2301.490506212855,)
(-2301.092566204183,)
(-2301.092566204183,)
(-2301.092566204183,)
(-2301.092566204183,)
(-2301.092566204183,)
(-2301.092566204183,)
(-2671.7512764201156,)
(-2671.7512764201156,)
(-2654.9443187815978,)
(-2654.9443187815978,)
(-2654.9443187815978,)
(-2621.3237009460145,)
(-2621.3237009460145,)
(-2603.417542797918,)
(-2590.5181385906503,)
(-2570.5581292697048,)
(-2542.6445260715336,)
(-2510.40149100163,)
(-2510.40149100163,)
(-2510.40149100163,)
(-2510.40149100163,)
(-2509.42951972523,)
(-2499.114701445081,)
(-2498.938610186025,)
(-2498.2907927041365,)
(-2498.2907927041365,)
(-2496.2432101492236,)
(-2496.2432101492236,)
(-2489.2344437071165,)
(-2470.7847617149873,)
(-2458.4531791101554,)
(-2458.4531791101554,)
(-2458.4531791101554,)
(-2449.6292703692106,)
(-2436.833390351867,)
(-2436.833390351867,)
(-2436.7372507182135,)
(-2426.578117846763,)
(-2426.578117846763,)
(-2426.578117846763,)
(-2426.578117846763,)
(-2421.012622750076,)
(-2409.2873309728175,)
(-2409.2873309728175,)
(-2408.1166347456488,)
(-2408.1166347456488,)
(-2401.324215260415,)
(-2401.324215260415,)
(-2401.324215260415,)
(-2400.4491539970227,)
(-2400.4491539970227,)
(-2400.4491539970227,)
(-2395.1938814919195,)
(-2395.1938814919195,)
(-2390.6685224287967,)
(-2382.2730627379674,)
(-2374.5637927769912,)
(-2374.5637927769912,)
(-2371.2834562745493,)
(-2371.2834562745493,)
(-2359.942063820212,)
(-2359.942063820212,)
(-2359.942063820212,)
(-2359.942063820212,)
(-2359.942063820212,)
(-2359.942063820212,)
(-2351.521775348572,)
(-2351.521775348572,)
(-2343.0195969479187,)
(-2343.0195969479187,)
(-2341.162767450246,)
(-2317.3855297980112,)
(-2317.3855297980112,)
(-2317.3855297980112,)
(-2317.3855297980112,)
(-2313.505563609866,)
(-2313.505563609866,)
(-2313.505563609866,)
(-2298.5858552550017,)
(-2298.5858552550017,)
(-2298.5858552550017,)
(-2298.5858552550017,)
(-2298.5858552550017,)
(-2298.5858552550017,)
(-2298.2848252593376,)
(-2295.8868852506657,)
(-2295.8868852506657,)
(-2288.436092934668,)
(-2288.436092934668,)
(-2288.436092934668,)
(-2288.436092934668,)
(-2288.436092934668,)
(-2288.436092934668,)
(-2288.436092934668,)
(-2288.3320280221915,)
(-2288.3320280221915,)
(-2288.3320280221915,)
(-2287.737122930332,)
(-2287.737122930332,)
(-2287.737122930332,)
(-2287.737122930332,)
(-2283.001250999432,)
(-2281.2230997490483,)
(-2281.2230997490483,)
(-2271.250501107573,)
(-2271.250501107573,)
(-2678.0045430097484,)
(-2669.451144276196,)
(-2669.1509270529677,)
(-2669.1509270529677,)
(-2643.1458896095974,)
(-2620.4084276175777,)
(-2620.4084276175777,)
(-2579.3203860238636,)
(-2570.1941021732687,)
(-2570.1941021732687,)
(-2523.9070143533136,)
(-2523.9070143533136,)
(-2523.9070143533136,)
(-2523.9070143533136,)
(-2523.9070143533136,)
(-2523.5090743446417,)
(-2514.5882555906883,)
(-2476.1812386533556,)
(-2476.1812386533556,)
(-2466.95938990374,)
(-2466.95938990374,)
(-2465.6402956699667,)
(-2465.6402956699667,)
(-2465.6402956699667,)
(-2462.1566704618645,)
(-2454.8397978196363,)
(-2450.1566704618645,)
(-2447.0333570362454,)
(-2425.0071151543843,)
(-2412.7060851587203,)
(-2412.7060851587203,)
(-2412.7060851587203,)
(-2411.0335185669956,)
(-2411.0335185669956,)
(-2411.0335185669956,)
(-2411.0335185669956,)
(-2411.0335185669956,)
(-2411.0335185669956,)
(-2411.0335185669956,)
(-2411.0335185669956,)
(-2411.0335185669956,)
(-2402.1304285800034,)
(-2382.6048546538123,)
(-2382.6048546538123,)
(-2382.6048546538123,)
(-2382.6048546538123,)
(-2382.6048546538123,)
(-2382.6048546538123,)
(-2382.6048546538123,)
(-2382.6048546538123,)
(-2382.6048546538123,)
(-2382.6048546538123,)
(-2382.6048546538123,)
(-2382.6048546538123,)
(-2382.6048546538123,)
(-2372.247047041104,)
(-2372.247047041104,)
(-2372.247047041104,)
(-2372.247047041104,)
(-2357.6149245477422,)
(-2357.6149245477422,)
(-2357.6149245477422,)
(-2357.6149245477422,)
(-2352.331722597695,)
(-2341.9270292846927,)
(-2341.9270292846927,)
(-2341.9270292846927,)
(-2341.9270292846927,)
(-2341.9270292846927,)
(-2341.9270292846927,)
(-2341.9270292846927,)
(-2337.8579625964285,)
(-2337.8579625964285,)
(-2337.8579625964285,)
(-2337.8579625964285,)
(-2337.8579625964285,)
(-2337.8579625964285,)
(-2337.8579625964285,)
(-2337.8579625964285,)
(-2337.8579625964285,)
(-2332.3124546399454,)
(-2332.3124546399454,)
(-2327.4083823273454,)
(-2327.4083823273454,)
(-2327.4083823273454,)
(-2325.8855035820657,)
(-2325.8855035820657,)
(-2324.1556136996714,)
(-2309.931261072626,)
(-2309.931261072626,)
(-2305.3373811393044,)
(-2305.3373811393044,)
(-2305.3373811393044,)
(-2305.3373811393044,)
(-2301.2203738486896,)
(-2301.2203738486896,)
(-2300.7944051164172,)
(-2297.2715263711366,)
(-2292.1729830415243,)
(-2288.0880707610354,)
