(-2797.904839131742,)
(-2725.699238226648,)
(-2691.2939186740946,)
(-2691.2939186740946,)
(-2623.3827162528587,)
(-2607.2535466800045,)
(-2547.5800965263284,)
(-2547.5800965263284,)
(-2539.8807250418645,)
(-2527.5810824393097,)
(-2473.4139228575805,)
(-2473.4139228575805,)
(-2453.955528428417,)
(-2446.7731662240653,)
(-2429.711018317316,)
(-2401.9654773935445,)
(-2400.102163091437,)
(-2396.9961661120287,)
(-2381.395614484277,)
(-2371.4306691690053,)
(-2356.7107073942625,)
(-2355.5079497510674,)
(-2338.3309284247607,)
(-2332.255207710823,)
(-2322.5665376631264,)
(-2311.0221839874453,)
(-2304.7548920026447,)
(-2298.634543935413,)
(-2296.690286996741,)
(-2289.240424966656,)
(-2285.811591851279,)
(-2280.5508759520653,)
(-2273.05527958629,)
(-2267.2747300998944,)
(-2265.235116606203,)
(-2260.7272365323693,)
(-2256.9808743275835,)
(-2251.3344126113343,)
(-2250.9418676345485,)
(-2243.0948350947574,)
(-2234.0414774985334,)
(-2234.0414774985334,)
(-2228.8865755385473,)
(-2225.968732162508,)
(-2224.039542998756,)
(-2219.3228442274594,)
(-2218.924904218788,)
(-2215.95306121283,)
(-2211.042017617883,)
(-2211.042017617883,)
(-2207.585726461228,)
(-2205.2389389750033,)
(-2203.089822875381,)
(-2200.1020257043274,)
(-2197.0638779424316,)
(-2191.0181204518717,)
(-2191.0181204518717,)
(-2187.6993616892473,)
(-2186.551299153792,)
(-2184.470574236444,)
(-2182.947695491164,)
(-2182.2890879455017,)
(-2179.7312417734342,)
(-2177.129181782106,)
(-2176.4813643002176,)
(-2173.879304308889,)
(-2173.879304308889,)
(-2173.879304308889,)
(-2173.40218305417,)
(-2172.129181782106,)
(-2171.782394295881,)
(-2170.986514278537,)
(-2170.101153058506,)
(-2168.759270497035,)
(-2167.9633904796906,)
(-2167.2644204753547,)
(-2166.4405117344104,)
(-2165.468540458011,)
(-2162.6397267923126,)
(-2162.121752971786,)
(-2160.0376668009844,)
(-2160.0376668009844,)
(-2158.172905494233,)
(-2157.8158180513683,)
(-2156.9775417969163,)
(-2155.002209267064,)
(-2155.002209267064,)
(-2154.303239262728,)
(-2153.533844297684,)
(-2151.1973567680993,)
(-2151.1973567680993,)
(-2150.429505474356,)
(-2148.9066267290755,)
(-2146.6076015200583,)
(-2146.6076015200583,)
(-2145.5849678283453,)
(-2145.5849678283453,)
(-2144.812211609848,)
(-2143.6641490743928,)
(-2142.8913928558954,)
(-2769.750207542179,)
(-2652.2296739769845,)
(-2648.7312573813233,)
(-2620.2801310717705,)
(-2610.1932983389556,)
(-2591.6916088927446,)
(-2549.584870402485,)
(-2531.017456728512,)
(-2437.2681567018794,)
(-2437.2681567018794,)
(-2431.388021648159,)
(-2416.5718078194386,)
(-2409.7428796704507,)
(-2383.248725733579,)
(-2381.8404857682676,)
(-2366.8070620127805,)
(-2346.160785127095,)
(-2339.1953266918094,)
(-2330.2072713200523,)
(-2324.699458139559,)
(-2313.414613239555,)
(-2304.111822454553,)
(-2293.4823788363474,)
(-2284.6822194797323,)
(-2284.1313120108516,)
(-2272.6474738715983,)
(-2270.0795219944,)
(-2257.002836724818,)
(-2251.0433801018366,)
(-2241.7929132428294,)
(-2238.446125756605,)
(-2238.1450957609404,)
(-2234.2359980949313,)
(-2224.85578685322,)
(-2224.037273144162,)
(-2221.7472550309253,)
(-2219.5426449411366,)
(-2219.5426449411366,)
(-2212.224376285645,)
(-2210.846081904743,)
(-2200.4629002380557,)
(-2200.4629002380557,)
(-2196.842621372634,)
(-2196.842621372634,)
(-2195.2331325709847,)
(-2191.575015132457,)
(-2188.940021492775,)
(-2187.417142747495,)
(-2186.610962773511,)
(-2183.8480164045204,)
(-2183.267635819396,)
(-2180.916897693928,)
(-2178.312903202823,)
(-2176.020139385365,)
(-2174.2548119771886,)
(-2172.7191093897004,)
(-2171.0890206747727,)
(-2168.0242069422334,)
(-2167.4712656949177,)
(-2164.3843083777983,)
(-2163.971020641351,)
(-2163.3660895037046,)
(-2161.17402305912,)
(-2158.8943632808714,)
(-2157.371484535591,)
(-2157.371484535591,)
(-2157.371484535591,)
(-2155.9735445269193,)
(-2155.149635785975,)
(-2154.450665781639,)
(-2153.811984060749,)
(-2153.6267570406944,)
(-2152.9277870363585,)
(-2152.9277870363585,)
(-2152.228817032023,)
(-2150.9934703516915,)
(-2150.6870453241404,)
(-2149.7765265268276,)
(-2149.16416657886,)
(-2148.4651965745243,)
(-2147.8454078162363,)
(-2146.9600465962044,)
(-2145.6693165571796,)
(-2142.993470351691,)
(-2142.993470351691,)
(-2142.294500347355,)
(-2141.470591606411,)
(-2140.4653774928693,)
