(-2823.4794924152066,)
(-2823.4794924152066,)
(-2756.7534020457074,)
(-2756.7534020457074,)
(-2756.7534020457074,)
(-2756.159345674551,)
(-2756.159345674551,)
(-2724.7303736682666,)
(-2722.1386136335777,)
(-2722.1386136335777,)
(-2722.1386136335777,)
(-2673.995846013186,)
(-2673.995846013186,)
(-2663.6030486366453,)
(-2658.8003291947707,)
(-2658.8003291947707,)
(-2641.8085069700737,)
(-2630.614686944057,)
(-2630.614686944057,)
(-2630.614686944057,)
(-2545.4629338628083,)
(-2545.4629338628083,)
(-2545.4629338628083,)
(-2544.8051174626216,)
(-2544.8051174626216,)
(-2495.4666954332597,)
(-2495.4666954332597,)
(-2495.4666954332597,)
(-2495.4666954332597,)
(-2495.4666954332597,)
(-2495.4666954332597,)
(-2495.4666954332597,)
(-2495.4666954332597,)
(-2495.4666954332597,)
(-2495.4666954332597,)
(-2495.4666954332597,)
(-2495.4666954332597,)
(-2495.4666954332597,)
(-2486.3489447691654,)
(-2483.5432259105282,)
(-2473.4517109294065,)
(-2464.3156859589576,)
(-2428.6630544018553,)
(-2428.6630544018553,)
(-2428.6630544018553,)
(-2428.6630544018553,)
(-2428.6630544018553,)
(-2427.9640843975194,)
(-2427.912931875072,)
(-2427.912931875072,)
(-2427.912931875072,)
(-2424.207122446205,)
(-2424.207122446205,)
(-2424.207122446205,)
(-2424.207122446205,)
(-2424.207122446205,)
(-2424.207122446205,)
(-2424.207122446205,)
(-2420.2603934498047,)
(-2414.751190490556,)
(-2414.751190490556,)
(-2414.751190490556,)
(-2411.74828712933,)
(-2411.74828712933,)
(-2411.74828712933,)
(-2411.74828712933,)
(-2411.74828712933,)
(-2411.74828712933,)
(-2390.045281783033,)
(-2390.045281783033,)
(-2390.045281783033,)
(-2384.1421917960406,)
(-2384.1421917960406,)
(-2384.1421917960406,)
(-2383.2591123365382,)
(-2381.833732990057,)
(-2376.5095791955446,)
(-2376.5095791955446,)
(-2376.5095791955446,)
(-2376.5095791955446,)
(-2372.9995242924715,)
(-2372.9995242924715,)
(-2372.9995242924715,)
(-2371.800309234569,)
(-2371.800309234569,)
(-2371.7599467758946,)
(-2371.7599467758946,)
(-2371.555336686106,)
(-2368.3334879364893,)
(-2368.3334879364893,)
(-2368.3334879364893,)
(-2368.3334879364893,)
(-2368.3334879364893,)
(-2368.3334879364893,)
(-2368.3334879364893,)
(-2368.3334879364893,)
(-2368.3334879364893,)
(-2367.221373042088,)
(-2367.221373042088,)
(-2366.8897533980626,)
(-2798.537575530148,)
(-2748.9105411169353,)
(-2621.0211883800803,)
(-2621.0211883800803,)
(-2621.0211883800803,)
(-2621.0211883800803,)
(-2620.3222183757443,)
(-2620.3222183757443,)
(-2620.3222183757443,)
(-2610.93705294284,)
(-2587.439728302032,)
(-2587.439728302032,)
(-2587.439728302032,)
(-2587.439728302032,)
(-2587.439728302032,)
(-2579.680291731591,)
(-2579.680291731591,)
(-2579.680291731591,)
(-2568.535652402059,)
(-2568.535652402059,)
(-2560.022714412413,)
(-2560.022714412413,)
(-2538.0217284994314,)
(-2538.0217284994314,)
(-2538.0217284994314,)
(-2536.8633660073365,)
(-2536.8633660073365,)
(-2536.8633660073365,)
(-2536.8633660073365,)
(-2536.8633660073365,)
(-2536.8633660073365,)
(-2529.653751714137,)
(-2521.012801584064,)
(-2521.012801584064,)
(-2521.012801584064,)
(-2521.012801584064,)
(-2521.012801584064,)
(-2521.012801584064,)
(-2519.698082656382,)
(-2515.019454391535,)
(-2515.019454391535,)
(-2515.019454391535,)
(-2478.3234014182062,)
(-2478.3234014182062,)
(-2478.3234014182062,)
(-2478.3234014182062,)
(-2478.3234014182062,)
(-2478.3234014182062,)
(-2478.3234014182062,)
(-2478.3234014182062,)
(-2477.453735186701,)
(-2477.453735186701,)
(-2453.818759391348,)
(-2453.818759391348,)
(-2453.818759391348,)
(-2453.818759391348,)
(-2453.818759391348,)
(-2453.818759391348,)
(-2453.818759391348,)
(-2453.818759391348,)
(-2453.818759391348,)
(-2453.818759391348,)
(-2439.747106234278,)
(-2439.747106234278,)
(-2439.747106234278,)
(-2439.747106234278,)
(-2439.747106234278,)
(-2439.747106234278,)
(-2439.747106234278,)
(-2438.919129936466,)
(-2438.919129936466,)
(-2438.919129936466,)
(-2438.919129936466,)
(-2438.919129936466,)
(-2438.919129936466,)
(-2438.919129936466,)
(-2432.67822494487,)
(-2432.67822494487,)
(-2432.67822494487,)
(-2430.8031636814785,)
(-2430.8031636814785,)
(-2430.8031636814785,)
(-2426.271982186211,)
(-2426.271982186211,)
(-2426.271982186211,)
(-2425.41464968978,)
(-2425.41464968978,)
(-2425.41464968978,)
(-2425.41464968978,)
(-2425.41464968978,)
(-2425.41464968978,)
(-2425.41464968978,)
(-2419.4141682866307,)
(-2412.2434720594615,)
(-2412.2434720594615,)
(-2412.016128999302,)
(-2412.016128999302,)
(-2380.864451915428,)
(-2380.864451915428,)
(-2380.864451915428,)
(-2765.801875515711,)
(-2764.9779667747666,)
(-2764.9779667747666,)
(-2761.534896733288,)
(-2761.534896733288,)
(-2735.72576379847,)
(-2682.4179712398536,)
(-2682.4179712398536,)
(-2682.4179712398536,)
(-2682.4179712398536,)
(-2682.4179712398536,)
(-2682.4179712398536,)
(-2668.442309498938,)
(-2664.9194307536577,)
(-2664.9194307536577,)
(-2664.9194307536577,)
(-2664.9194307536577,)
(-2664.9194307536577,)
(-2664.9194307536577,)
(-2645.9252553329097,)
(-2630.545174116801,)
(-2630.545174116801,)
(-2630.545174116801,)
(-2624.5777348687348,)
(-2611.6755078852957,)
(-2609.879627867952,)
(-2609.879627867952,)
(-2603.469354124206,)
(-2594.0542042757033,)
(-2594.0542042757033,)
(-2563.650622154474,)
(-2537.797411592629,)
(-2537.797411592629,)
(-2537.797411592629,)
(-2537.797411592629,)
(-2537.797411592629,)
(-2528.4125376501306,)
(-2504.1910132368334,)
(-2408.384154330518,)
(-2407.7643655722295,)
(-2407.7643655722295,)
(-2405.3897302807495,)
(-2405.3897302807495,)
(-2398.024624641774,)
(-2398.024624641774,)
(-2398.024624641774,)
(-2395.6266846331023,)
(-2393.2287446244304,)
(-2393.2287446244304,)
(-2393.2287446244304,)
(-2393.2287446244304,)
(-2393.2287446244304,)
(-2384.67783715555,)
(-2384.67783715555,)
(-2384.67783715555,)
(-2384.67783715555,)
(-2382.3082877071693,)
(-2382.3082877071693,)
(-2382.3082877071693,)
(-2370.9159329532968,)
(-2370.9159329532968,)
(-2370.9159329532968,)
(-2370.9159329532968,)
(-2370.028085173884,)
(-2370.028085173884,)
(-2370.028085173884,)
(-2358.239406417762,)
(-2358.239406417762,)
(-2358.239406417762,)
(-2358.239406417762,)
(-2358.239406417762,)
(-2351.9857882154324,)
(-2351.9857882154324,)
(-2351.9857882154324,)
(-2351.9857882154324,)
(-2351.9857882154324,)
(-2351.9857882154324,)
(-2351.9857882154324,)
(-2351.843120711864,)
(-2351.843120711864,)
(-2351.843120711864,)
(-2351.843120711864,)
(-2350.4451807031915,)
(-2350.4451807031915,)
(-2350.4451807031915,)
(-2345.3202419665836,)
(-2345.3202419665836,)
(-2345.3202419665836,)
(-2343.9726832868064,)
(-2343.9726832868064,)
(-2341.9400307248725,)
(-2341.2410607205366,)
(-2341.2410607205366,)
(-2340.6716532911423,)
(-2339.76856330415,)
(-2338.3986520190783,)
(-2337.3741430953532,)
(-2336.484952886658,)
(-2335.6610441457137,)
(-2335.6610441457137,)
(-2739.745994502812,)
(-2715.3013433423703,)
(-2711.3524958648177,)
(-2711.3524958648177,)
(-2694.840016354834,)
(-2672.702037856352,)
(-2625.489111665196,)
(-2613.3124939157005,)
(-2612.2625389091727,)
(-2612.2625389091727,)
(-2599.741806747412,)
(-2599.741806747412,)
(-2599.741806747412,)
(-2588.742924944577,)
(-2583.393523733056,)
(-2583.393523733056,)
(-2583.393523733056,)
(-2582.5696149921114,)
(-2580.19505180699,)
(-2578.0804130270208,)
(-2578.0804130270208,)
(-2575.4454497977504,)
(-2567.8171523746023,)
(-2567.8171523746023,)
(-2567.8171523746023,)
(-2558.887512922238,)
(-2557.1093616718535,)
(-2557.1093616718535,)
(-2554.76941361016,)
(-2553.2465348648793,)
(-2504.7638709422386,)
(-2504.7638709422386,)
(-2504.7638709422386,)
(-2504.7638709422386,)
(-2504.7638709422386,)
(-2504.7638709422386,)
(-2504.7638709422386,)
(-2473.2759419847766,)
(-2473.2759419847766,)
(-2473.2759419847766,)
(-2473.2759419847766,)
(-2469.355123230825,)
(-2469.355123230825,)
(-2469.355123230825,)
(-2460.2234443483426,)
(-2460.2234443483426,)
(-2460.2234443483426,)
(-2460.2234443483426,)
(-2460.2234443483426,)
(-2460.2234443483426,)
(-2460.2234443483426,)
(-2458.0409044932335,)
(-2458.0409044932335,)
(-2458.0409044932335,)
(-2458.0409044932335,)
(-2455.0318168404497,)
(-2455.0318168404497,)
(-2455.0318168404497,)
(-2455.0318168404497,)
(-2455.0318168404497,)
(-2446.5755903720524,)
(-2446.5755903720524,)
(-2420.9154234190687,)
(-2412.79048468246,)
(-2412.79048468246,)
(-2402.425367740582,)
(-2397.8738373536344,)
(-2392.3789873319547,)
(-2390.680017327618,)
(-2390.680017327618,)
(-2390.298989151017,)
(-2385.4023477600795,)
(-2385.4023477600795,)
(-2385.4023477600795,)
(-2368.429991309305,)
(-2368.429991309305,)
(-2368.429991309305,)
(-2368.429991309305,)
(-2368.429991309305,)
(-2368.429991309305,)
(-2368.429991309305,)
(-2364.436930012492,)
(-2364.436930012492,)
(-2364.436930012492,)
(-2362.9140512672116,)
(-2362.9140512672116,)
(-2360.011355230903,)
(-2359.148627702585,)
(-2355.8931742791365,)
(-2355.8931742791365,)
(-2355.8931742791365,)
(-2355.8931742791365,)
(-2351.332280096374,)
(-2350.4011613857815,)
(-2350.4011613857815,)
(-2348.4195135565255,)
(-2348.4195135565255,)
(-2347.0051558768864,)
(-2345.8344596497172,)
(-2345.8344596497172,)
(-2727.033901425134,)
(-2690.2835979800047,)
(-2690.2835979800047,)
(-2690.2835979800047,)
(-2690.2835979800047,)
(-2686.8490362417706,)
(-2686.8490362417706,)
(-2666.5729022670967,)
(-2642.1627721155105,)
(-2642.1627721155105,)
(-2642.1627721155105,)
(-2634.007870155525,)
(-2634.007870155525,)
(-2623.9275594043356,)
(-2623.9275594043356,)
(-2616.9607778392956,)
(-2613.9222353233513,)
(-2611.296775261746,)
(-2573.7167403553176,)
(-2573.7167403553176,)
(-2556.964691709366,)
(-2556.964691709366,)
(-2553.240303637612,)
(-2553.240303637612,)
(-2546.753838344049,)
(-2546.753838344049,)
(-2504.194406886779,)
(-2504.194406886779,)
(-2504.194406886779,)
(-2500.7776050660077,)
(-2497.69688014866,)
(-2497.69688014866,)
(-2497.69688014866,)
(-2497.69688014866,)
(-2495.094820157332,)
(-2495.094820157332,)
(-2495.094820157332,)
(-2495.094820157332,)
(-2495.094820157332,)
(-2495.094820157332,)
(-2495.094820157332,)
(-2477.7797028451623,)
(-2477.7797028451623,)
(-2477.7797028451623,)
(-2476.159914086875,)
(-2476.159914086875,)
(-2476.159914086875,)
(-2476.159914086875,)
(-2476.159914086875,)
(-2476.159914086875,)
(-2476.159914086875,)
(-2476.159914086875,)
(-2454.8278356761944,)
(-2454.8278356761944,)
(-2454.8278356761944,)
(-2454.8278356761944,)
(-2454.8278356761944,)
(-2454.8278356761944,)
(-2454.8278356761944,)
(-2445.4419492055936,)
(-2445.4419492055936,)
(-2445.4419492055936,)
(-2444.356109453361,)
(-2444.356109453361,)
(-2444.356109453361,)
(-2444.356109453361,)
(-2444.356109453361,)
(-2444.356109453361,)
(-2444.356109453361,)
(-2444.356109453361,)
(-2444.356109453361,)
(-2438.197256854133,)
(-2438.197256854133,)
(-2432.0784839859966,)
(-2429.876088964848,)
(-2421.209498514881,)
(-2421.209498514881,)
(-2421.209498514881,)
(-2421.209498514881,)
(-2399.2085792244357,)
(-2382.6014341036043,)
(-2382.6014341036043,)
(-2382.6014341036043,)
(-2382.6014341036043,)
(-2382.6014341036043,)
(-2382.6014341036043,)
(-2382.6014341036043,)
(-2376.8279933480935,)
(-2376.8279933480935,)
(-2376.8279933480935,)
(-2376.8279933480935,)
(-2376.8279933480935,)
(-2376.8279933480935,)
(-2371.0897065451936,)
(-2371.0897065451936,)
(-2371.0897065451936,)
(-2371.0897065451936,)
(-2371.0897065451936,)
(-2356.1761180442495,)
(-2356.1761180442495,)
(-2724.139414545479,)
(-2724.139414545479,)
(-2724.139414545479,)
(-2698.9709495328566,)
(-2645.8604667126597,)
(-2645.8604667126597,)
(-2645.8604667126597,)
(-2645.8604667126597,)
(-2645.8604667126597,)
(-2645.8604667126597,)
(-2645.8604667126597,)
(-2623.415378358103,)
(-2617.0331322700576,)
(-2600.1038278440174,)
(-2600.1038278440174,)
(-2586.016114775854,)
(-2563.4067461567497,)
(-2563.4067461567497,)
(-2563.4067461567497,)
(-2563.4067461567497,)
(-2559.184897407134,)
(-2539.6238084289853,)
(-2532.1360947939356,)
(-2500.195769110596,)
(-2475.682207044659,)
(-2475.682207044659,)
(-2475.682207044659,)
(-2475.682207044659,)
(-2464.8004577090906,)
(-2464.8004577090906,)
(-2464.8004577090906,)
(-2464.8004577090906,)
(-2464.8004577090906,)
(-2464.8004577090906,)
(-2462.4323816451397,)
(-2458.7334116408038,)
(-2458.7334116408038,)
(-2448.901682263986,)
(-2448.901682263986,)
(-2448.901682263986,)
(-2448.628680991922,)
(-2434.778324767418,)
(-2434.778324767418,)
(-2429.954416026473,)
(-2423.9336616268292,)
(-2414.3034516287744,)
(-2414.3034516287744,)
(-2414.3034516287744,)
(-2414.3034516287744,)
(-2397.5703624412895,)
(-2397.5703624412895,)
(-2397.5703624412895,)
(-2397.5703624412895,)
(-2389.5433542255873,)
(-2389.4184154889795,)
(-2389.4184154889795,)
(-2388.7194454846426,)
(-2388.7194454846426,)
(-2388.7194454846426,)
(-2388.7194454846426,)
(-2388.7194454846426,)
(-2388.7194454846426,)
(-2378.275257878276,)
(-2377.57628787394,)
(-2377.57628787394,)
(-2377.57628787394,)
(-2377.57628787394,)
(-2375.799889140489,)
(-2373.5780403908725,)
(-2373.5780403908725,)
(-2373.5780403908725,)
(-2368.2131099715275,)
(-2363.2588674620883,)
(-2363.2588674620883,)
(-2363.2588674620883,)
(-2363.2588674620883,)
(-2363.2588674620883,)
(-2363.2588674620883,)
(-2363.2588674620883,)
(-2363.2588674620883,)
(-2363.2588674620883,)
(-2363.2588674620883,)
(-2363.2588674620883,)
(-2360.8884111398606,)
(-2351.9401086994644,)
(-2341.3380487081363,)
(-2341.3380487081363,)
(-2341.3380487081363,)
(-2338.8151699628565,)
(-2338.8151699628565,)
(-2338.8151699628565,)
(-2334.9681374230645,)
(-2328.4762981113795,)
(-2328.4762981113795,)
(-2328.4762981113795,)
(-2328.4762981113795,)
(-2328.4762981113795,)
(-2328.4762981113795,)
(-2328.4762981113795,)
(-2328.4762981113795,)
(-2862.838321233417,)
(-2704.760066180559,)
(-2704.760066180559,)
(-2704.760066180559,)
(-2686.4340129714346,)
(-2686.4340129714346,)
(-2686.4340129714346,)
(-2686.4340129714346,)
(-2675.419252955243,)
(-2667.327737974121,)
(-2667.327737974121,)
(-2658.5038292331774,)
(-2646.3671601212995,)
(-2646.3671601212995,)
(-2614.6143727530944,)
(-2611.6409570840506,)
(-2611.6409570840506,)
(-2607.322841244537,)
(-2605.623871240201,)
(-2573.890400045493,)
(-2571.891042968604,)
(-2571.891042968604,)
(-2571.891042968604,)
(-2571.891042968604,)
(-2571.891042968604,)
(-2567.173875030142,)
(-2567.173875030142,)
(-2567.173875030142,)
(-2567.173875030142,)
(-2567.173875030142,)
(-2567.173875030142,)
(-2567.173875030142,)
(-2565.582777915237,)
(-2552.3949630986253,)
(-2515.702097299849,)
(-2515.702097299849,)
(-2515.702097299849,)
(-2515.702097299849,)
(-2513.128066032121,)
(-2513.128066032121,)
(-2513.128066032121,)
(-2513.128066032121,)
(-2513.128066032121,)
(-2510.772553062524,)
(-2496.0030019839032,)
(-2496.0030019839032,)
(-2496.0030019839032,)
(-2495.1782938665747,)
(-2494.149130019581,)
(-2494.149130019581,)
(-2476.7074890490294,)
(-2476.7074890490294,)
(-2471.3095490403575,)
(-2471.3095490403575,)
(-2471.3095490403575,)
(-2471.3095490403575,)
(-2471.3095490403575,)
(-2471.3095490403575,)
(-2471.3095490403575,)
(-2471.3095490403575,)
(-2454.4298630492144,)
(-2454.4298630492144,)
(-2454.4298630492144,)
(-2454.4298630492144,)
(-2454.4298630492144,)
(-2454.4298630492144,)
(-2454.4298630492144,)
(-2454.4298630492144,)
(-2454.4128672602037,)
(-2454.4128672602037,)
(-2446.9195279491405,)
(-2446.9195279491405,)
(-2446.9195279491405,)
(-2446.9195279491405,)
(-2446.9195279491405,)
(-2446.9195279491405,)
(-2446.0941084975793,)
(-2446.0941084975793,)
(-2446.0941084975793,)
(-2443.1428737393016,)
(-2443.1428737393016,)
(-2431.638176541929,)
(-2427.1576763947887,)
(-2427.1576763947887,)
(-2427.1576763947887,)
(-2427.1576763947887,)
(-2427.1576763947887,)
(-2427.1576763947887,)
(-2427.1576763947887,)
(-2427.1576763947887,)
(-2426.458706390453,)
(-2426.458706390453,)
(-2416.77890954572,)
(-2416.77890954572,)
(-2416.77890954572,)
(-2416.77890954572,)
(-2403.417853824645,)
(-2402.1591207874317,)
(-2398.4636113152046,)
(-2394.716949320531,)
(-2808.018531884091,)
(-2791.6314215763405,)
(-2789.196168244957,)
(-2734.1202922227085,)
(-2734.1202922227085,)
(-2734.1202922227085,)
(-2685.2234839987927,)
(-2685.2234839987927,)
(-2641.540760416268,)
(-2641.540760416268,)
(-2641.540760416268,)
(-2641.540760416268,)
(-2621.1659124390544,)
(-2505.591129123044,)
(-2505.591129123044,)
(-2505.591129123044,)
(-2505.591129123044,)
(-2496.786550057867,)
(-2496.786550057867,)
(-2496.786550057867,)
(-2496.786550057867,)
(-2496.786550057867,)
(-2496.786550057867,)
(-2496.786550057867,)
(-2496.786550057867,)
(-2493.7720192649817,)
(-2480.027989097611,)
(-2480.027989097611,)
(-2473.3344141251614,)
(-2469.6844871380117,)
(-2469.6844871380117,)
(-2448.9223494737976,)
(-2442.801014861458,)
(-2442.801014861458,)
(-2442.801014861458,)
(-2442.801014861458,)
(-2441.876591983237,)
(-2441.876591983237,)
(-2412.3494307189753,)
(-2412.3494307189753,)
(-2412.3494307189753,)
(-2412.3494307189753,)
(-2408.453532306348,)
(-2390.681806314334,)
(-2390.681806314334,)
(-2390.681806314334,)
(-2390.681806314334,)
(-2390.681806314334,)
(-2390.681806314334,)
(-2382.0600830562694,)
(-2381.412265574381,)
(-2381.412265574381,)
(-2381.412265574381,)
(-2370.1916193166053,)
(-2370.1916193166053,)
(-2370.1916193166053,)
(-2366.991424044435,)
(-2366.991424044435,)
(-2365.076475749368,)
(-2355.1556569954155,)
(-2355.1556569954155,)
(-2348.614265428508,)
(-2348.614265428508,)
(-2348.614265428508,)
(-2348.614265428508,)
(-2338.227789572117,)
(-2338.227789572117,)
(-2337.629470309901,)
(-2337.629470309901,)
(-2337.629470309901,)
(-2335.384058209345,)
(-2334.093328170321,)
(-2334.093328170321,)
(-2334.093328170321,)
(-2334.093328170321,)
(-2334.093328170321,)
(-2334.093328170321,)
(-2334.093328170321,)
(-2334.093328170321,)
(-2334.093328170321,)
(-2333.8055615689564,)
(-2332.7691743758096,)
(-2332.027410318573,)
(-2332.027410318573,)
(-2332.027410318573,)
(-2327.249166776849,)
(-2327.249166776849,)
(-2327.249166776849,)
(-2326.550196772513,)
(-2326.550196772513,)
(-2326.550196772513,)
(-2326.550196772513,)
(-2326.550196772513,)
(-2326.550196772513,)
(-2321.5679255394734,)
(-2318.4949268901887,)
(-2318.4949268901887,)
(-2314.612599180237,)
(-2314.612599180237,)
(-2314.612599180237,)
(-2793.5685555179143,)
(-2727.4093900125504,)
(-2714.798456818258,)
(-2714.798456818258,)
(-2633.705461699356,)
(-2629.0576442174674,)
(-2629.0576442174674,)
(-2629.0576442174674,)
(-2620.2337354765236,)
(-2620.2337354765236,)
(-2620.2337354765236,)
(-2620.2337354765236,)
(-2618.098496783275,)
(-2618.098496783275,)
(-2614.171806599441,)
(-2614.171806599441,)
(-2614.171806599441,)
(-2614.171806599441,)
(-2599.677432975755,)
(-2599.677432975755,)
(-2599.677432975755,)
(-2599.677432975755,)
(-2598.846307690943,)
(-2589.073632432713,)
(-2576.3289049378154,)
(-2576.3289049378154,)
(-2564.700214874195,)
(-2564.700214874195,)
(-2564.700214874195,)
(-2561.653480341123,)
(-2549.967874298344,)
(-2549.967874298344,)
(-2539.3883044065715,)
(-2539.3883044065715,)
(-2532.0391273986,)
(-2521.9008193062814,)
(-2521.9008193062814,)
(-2521.9008193062814,)
(-2521.9008193062814,)
(-2495.4171335665333,)
(-2495.4171335665333,)
(-2494.7693160846447,)
(-2494.7693160846447,)
(-2482.6519930290037,)
(-2481.828084288059,)
(-2479.8730367839835,)
(-2463.758619757213,)
(-2413.5716669874278,)
(-2413.5716669874278,)
(-2413.5716669874278,)
(-2413.5716669874278,)
(-2413.5716669874278,)
(-2413.5716669874278,)
(-2413.5716669874278,)
(-2413.5716669874278,)
(-2413.5716669874278,)
(-2413.5716669874278,)
(-2413.5716669874278,)
(-2413.5716669874278,)
(-2413.5716669874278,)
(-2413.5716669874278,)
(-2405.831844417284,)
(-2405.0079356763395,)
(-2405.0079356763395,)
(-2398.1662981684353,)
(-2398.1662981684353,)
(-2398.1662981684353,)
(-2398.1662981684353,)
(-2398.1662981684353,)
(-2398.1662981684353,)
(-2398.1662981684353,)
(-2398.1662981684353,)
(-2398.1662981684353,)
(-2398.1662981684353,)
(-2390.684914912073,)
(-2390.684914912073,)
(-2390.684914912073,)
(-2390.684914912073,)
(-2390.684914912073,)
(-2390.684914912073,)
(-2390.684914912073,)
(-2390.684914912073,)
(-2390.684914912073,)
(-2390.684914912073,)
(-2390.684914912073,)
(-2384.8232176102388,)
(-2384.8232176102388,)
(-2384.8232176102388,)
(-2384.8232176102388,)
(-2375.8462478291435,)
(-2375.8462478291435,)
(-2375.8462478291435,)
(-2375.8462478291435,)
(-2375.8462478291435,)
(-2375.8462478291435,)
(-2375.8462478291435,)
(-2375.8462478291435,)
(-2375.8462478291435,)
(-2375.7079951431947,)
(-2375.7079951431947,)
(-2619.2412906038703,)
(-2609.108275807581,)
(-2609.108275807581,)
(-2609.108275807581,)
(-2609.108275807581,)
(-2609.108275807581,)
(-2608.682307075308,)
(-2602.682307075308,)
(-2602.682307075308,)
(-2601.9640106962065,)
(-2601.9640106962065,)
(-2601.9640106962065,)
(-2601.9640106962065,)
(-2601.9640106962065,)
(-2601.9640106962065,)
(-2601.9640106962065,)
(-2597.856800726559,)
(-2597.856800726559,)
(-2597.856800726559,)
(-2597.856800726559,)
(-2569.824348702778,)
(-2569.824348702778,)
(-2569.824348702778,)
(-2555.395494248247,)
(-2555.395494248247,)
(-2555.395494248247,)
(-2555.395494248247,)
(-2555.395494248247,)
(-2554.571585507303,)
(-2554.571585507303,)
(-2554.571585507303,)
(-2539.090610270183,)
(-2539.090610270183,)
(-2539.090610270183,)
(-2539.090610270183,)
(-2539.090610270183,)
(-2521.5274683448847,)
(-2521.5274683448847,)
(-2521.5274683448847,)
(-2520.7035596039404,)
(-2518.3056195952686,)
(-2518.3056195952686,)
(-2518.3056195952686,)
(-2517.8491659645024,)
(-2517.8491659645024,)
(-2517.8491659645024,)
(-2517.8491659645024,)
(-2517.8491659645024,)
(-2517.8491659645024,)
(-2516.6833746620873,)
(-2512.9076795865967,)
(-2512.9076795865967,)
(-2478.029358561272,)
(-2478.029358561272,)
(-2478.029358561272,)
(-2471.0642876717566,)
(-2471.0642876717566,)
(-2471.0642876717566,)
(-2471.0642876717566,)
(-2458.030335492833,)
(-2458.030335492833,)
(-2458.030335492833,)
(-2458.030335492833,)
(-2458.030335492833,)
(-2458.030335492833,)
(-2437.905396756225,)
(-2437.905396756225,)
(-2437.905396756225,)
(-2437.905396756225,)
(-2437.905396756225,)
(-2437.905396756225,)
(-2419.272821706017,)
(-2419.272821706017,)
(-2419.272821706017,)
(-2419.272821706017,)
(-2419.272821706017,)
(-2419.272821706017,)
(-2419.272821706017,)
(-2419.272821706017,)
(-2419.272821706017,)
(-2419.272821706017,)
(-2419.272821706017,)
(-2418.564842597623,)
(-2402.6020057168694,)
(-2402.6020057168694,)
(-2402.6020057168694,)
(-2402.6020057168694,)
(-2402.6020057168694,)
(-2402.6020057168694,)
(-2391.943888278341,)
(-2391.943888278341,)
(-2391.943888278341,)
(-2391.943888278341,)
(-2386.535552156579,)
(-2386.535552156579,)
(-2386.535552156579,)
(-2386.535552156579,)
(-2386.535552156579,)
(-2386.535552156579,)
(-2386.535552156579,)
(-2649.743129238911,)
(-2649.743129238911,)
(-2649.743129238911,)
(-2649.743129238911,)
(-2645.9969224857878,)
(-2645.9969224857878,)
(-2612.4075381312664,)
(-2612.4075381312664,)
(-2612.4075381312664,)
(-2612.4075381312664,)
(-2612.4075381312664,)
(-2612.4075381312664,)
(-2602.023720448035,)
(-2602.023720448035,)
(-2602.023720448035,)
(-2557.4662122816617,)
(-2557.4662122816617,)
(-2557.4662122816617,)
(-2557.4662122816617,)
(-2557.4662122816617,)
(-2542.378807469892,)
(-2539.1077406976055,)
(-2539.1077406976055,)
(-2539.1077406976055,)
(-2536.7731774285626,)
(-2530.822214532887,)
(-2530.822214532887,)
(-2511.4587487808394,)
(-2511.4587487808394,)
(-2509.8533341494926,)
(-2499.810931298951,)
(-2497.400756833862,)
(-2491.5345753868683,)
(-2476.0486802078412,)
(-2476.0486802078412,)
(-2476.0486802078412,)
(-2476.0486802078412,)
(-2476.0486802078412,)
(-2461.3248866197796,)
(-2461.3248866197796,)
(-2461.3248866197796,)
(-2461.3248866197796,)
(-2461.3248866197796,)
(-2458.97835452579,)
(-2458.97835452579,)
(-2458.97835452579,)
(-2458.97835452579,)
(-2458.154445784846,)
(-2455.3463313110847,)
(-2454.5224225701404,)
(-2435.220902467343,)
(-2435.220902467343,)
(-2435.220902467343,)
(-2435.220902467343,)
(-2435.220902467343,)
(-2421.528952805882,)
(-2421.528952805882,)
(-2421.528952805882,)
(-2421.528952805882,)
(-2421.528952805882,)
(-2421.528952805882,)
(-2421.528952805882,)
(-2421.528952805882,)
(-2421.528952805882,)
(-2421.528952805882,)
(-2421.528952805882,)
(-2420.8489072770344,)
(-2407.150431786543,)
(-2401.294129516596,)
(-2401.294129516596,)
(-2401.294129516596,)
(-2401.294129516596,)
(-2401.294129516596,)
(-2401.294129516596,)
(-2388.909850718017,)
(-2378.8392696437313,)
(-2378.8392696437313,)
(-2378.8392696437313,)
(-2378.8392696437313,)
(-2378.8392696437313,)
(-2378.8392696437313,)
(-2378.8392696437313,)
(-2378.8392696437313,)
(-2371.5130820707864,)
(-2370.5796323332256,)
(-2370.5796323332256,)
(-2363.620292040434,)
(-2363.620292040434,)
(-2363.620292040434,)
(-2363.620292040434,)
(-2363.620292040434,)
(-2363.620292040434,)
(-2361.2293843148914,)
(-2361.2293843148914,)
(-2361.2293843148914,)
(-2361.2293843148914,)
(-2361.2293843148914,)
(-2361.2293843148914,)
(-2357.95444854305,)
(-2344.8904221661783,)
(-2713.161507164376,)
(-2713.161507164376,)
(-2711.0542971947284,)
(-2711.0542971947284,)
(-2711.0542971947284,)
(-2706.133478440776,)
(-2706.133478440776,)
(-2700.6587891148138,)
(-2678.4051897593054,)
(-2671.803129767977,)
(-2671.803129767977,)
(-2671.803129767977,)
(-2671.803129767977,)
(-2670.393551451893,)
(-2670.393551451893,)
(-2669.6288144622763,)
(-2641.693807826324,)
(-2641.693807826324,)
(-2633.2764417230164,)
(-2607.471959076707,)
(-2587.4300975589144,)
(-2524.9390884900254,)
(-2524.9390884900254,)
(-2524.9390884900254,)
(-2524.9390884900254,)
(-2499.1505147487214,)
(-2494.4381846995457,)
(-2494.4381846995457,)
(-2494.4381846995457,)
(-2494.4381846995457,)
(-2494.4381846995457,)
(-2494.4381846995457,)
(-2494.4381846995457,)
(-2486.5896307974863,)
(-2486.5896307974863,)
(-2486.2557561934063,)
(-2472.2332173899927,)
(-2472.2332173899927,)
(-2472.187459899432,)
(-2419.8119492947144,)
(-2407.259107326057,)
(-2407.259107326057,)
(-2407.259107326057,)
(-2407.259107326057,)
(-2407.259107326057,)
(-2406.368369718836,)
(-2400.48019539454,)
(-2400.48019539454,)
(-2398.099924517609,)
(-2398.099924517609,)
(-2398.099924517609,)
(-2398.099924517609,)
(-2398.099924517609,)
(-2398.099924517609,)
(-2398.099924517609,)
(-2398.099924517609,)
(-2392.45846597612,)
(-2392.45846597612,)
(-2392.0482145414076,)
(-2384.810323983726,)
(-2380.809095199928,)
(-2380.809095199928,)
(-2380.809095199928,)
(-2380.809095199928,)
(-2378.2850649450374,)
(-2372.4043157667265,)
(-2372.4043157667265,)
(-2372.4043157667265,)
(-2355.8637082544847,)
(-2355.8637082544847,)
(-2355.8637082544847,)
(-2355.6876169954294,)
(-2355.6876169954294,)
(-2355.6876169954294,)
(-2355.6876169954294,)
(-2350.0678282371414,)
(-2350.0678282371414,)
(-2350.0678282371414,)
(-2350.0678282371414,)
(-2348.822855688678,)
(-2348.3688582328055,)
(-2348.3688582328055,)
(-2348.3688582328055,)
(-2347.123885684342,)
(-2346.8459794875253,)
(-2346.8459794875253,)
(-2346.8459794875253,)
(-2345.0451945454274,)
(-2345.0451945454274,)
(-2345.0451945454274,)
(-2345.0451945454274,)
(-2345.0451945454274,)
(-2345.0451945454274,)
(-2344.368858232806,)
(-2344.062923312388,)
(-2342.540044567108,)
(-2340.8513745194123,)
(-2340.8513745194123,)
(-2340.8513745194123,)
(-2340.8513745194123,)
(-2749.227841313296,)
(-2700.148697393434,)
(-2700.148697393434,)
(-2700.148697393434,)
(-2700.148697393434,)
(-2700.148697393434,)
(-2700.148697393434,)
(-2654.351020614455,)
(-2646.284525472473,)
(-2646.284525472473,)
(-2646.284525472473,)
(-2646.284525472473,)
(-2644.5153290647418,)
(-2611.0111421187953,)
(-2611.0111421187953,)
(-2611.0111421187953,)
(-2611.0111421187953,)
(-2609.732793270025,)
(-2597.4694279820205,)
(-2597.4694279820205,)
(-2592.474823013907,)
(-2592.474823013907,)
(-2592.474823013907,)
(-2557.3524827496562,)
(-2556.9253663198683,)
(-2553.8284563068605,)
(-2553.8284563068605,)
(-2553.8284563068605,)
(-2553.8284563068605,)
(-2525.759720425232,)
(-2525.4294487455168,)
(-2525.4294487455168,)
(-2525.4294487455168,)
(-2523.2005411369764,)
(-2523.2005411369764,)
(-2521.5242048243535,)
(-2521.5242048243535,)
(-2510.8771972521126,)
(-2510.8771972521126,)
(-2510.8771972521126,)
(-2492.8025124633737,)
(-2492.8025124633737,)
(-2491.8994224763815,)
(-2491.1640582915825,)
(-2489.6372112680915,)
(-2483.7177993158916,)
(-2483.7177993158916,)
(-2483.7177993158916,)
(-2472.0244052617886,)
(-2472.0244052617886,)
(-2472.0244052617886,)
(-2472.0244052617886,)
(-2472.0244052617886,)
(-2472.0244052617886,)
(-2447.1021524744374,)
(-2447.1021524744374,)
(-2447.1021524744374,)
(-2444.878715683497,)
(-2443.4350181842647,)
(-2443.4350181842647,)
(-2443.4350181842647,)
(-2443.4350181842647,)
(-2443.4350181842647,)
(-2443.4350181842647,)
(-2443.113366936167,)
(-2443.113366936167,)
(-2443.113366936167,)
(-2435.8711651433605,)
(-2428.2407099649317,)
(-2428.2407099649317,)
(-2428.2407099649317,)
(-2428.2407099649317,)
(-2416.858930686943,)
(-2410.0630506695993,)
(-2400.6677663405744,)
(-2400.6677663405744,)
(-2399.392109388864,)
(-2395.917643813791,)
(-2395.917643813791,)
(-2395.014553826799,)
(-2395.014553826799,)
(-2395.014553826799,)
(-2395.014553826799,)
(-2380.153130182807,)
(-2376.0281914461993,)
(-2376.0281914461993,)
(-2372.5631986060253,)
(-2372.5631986060253,)
(-2372.5631986060253,)
(-2372.5631986060253,)
(-2372.5631986060253,)
(-2372.5631986060253,)
(-2371.143419611958,)
(-2371.143419611958,)
(-2371.143419611958,)
(-2369.6061622435436,)
(-2368.9071922392077,)
(-2368.9071922392077,)
(-2368.9071922392077,)
(-2367.2907867197523,)
