(-2606.7630106052643,)
(-2579.4329008122763,)
(-2564.447392947557,)
(-2530.482442014032,)
(-2495.2899846344353,)
(-2461.894086331593,)
(-2456.7445887388285,)
(-2436.860497617035,)
(-2410.522739989212,)
(-2388.1563373053937,)
(-2383.974617437358,)
(-2359.5771101451933,)
(-2359.3672208003013,)
(-2344.809087811367,)
(-2318.116573022949,)
(-2314.509754888119,)
(-2295.5889979744447,)
(-2277.6143468388514,)
(-2277.6143468388514,)
(-2271.165744414865,)
(-2266.6650092541645,)
(-2243.5909229358017,)
(-2232.4272470515084,)
(-2232.4272470515084,)
(-2226.3814895609485,)
(-2223.5575808200037,)
(-2223.5575808200037,)
(-2218.9607875901206,)
(-2218.0169733077623,)
(-2217.414913316434,)
(-2214.4056492849945,)
(-2212.420180077879,)
(-2209.3733866621196,)
(-2207.85050791684,)
(-2204.86889313334,)
(-2201.7603090579187,)
(-2199.924294131,)
(-2197.526354122328,)
(-2189.570358031457,)
(-2184.6353703213103,)
(-2184.6353703213103,)
(-2182.936400316974,)
(-2181.367764081134,)
(-2178.668794076797,)
(-2178.668794076797,)
(-2176.9698240724615,)
(-2176.839852140657,)
(-2175.665432823345,)
(-2172.622546479103,)
(-2172.622546479103,)
(-2171.957000230254,)
(-2171.3081468231667,)
(-2168.400697729487,)
(-2166.6225464791037,)
(-2165.6505752027037,)
(-2162.1276964574236,)
(-2161.5590602215825,)
(-2160.8600902172466,)
(-2160.3215164834396,)
(-2159.036181476302,)
(-2157.6559702345908,)
(-2155.258030225919,)
(-2155.258030225919,)
(-2154.860090217247,)
(-2153.6947890219644,)
(-2152.171910276684,)
(-2149.5500877399627,)
(-2149.5500877399627,)
(-2149.5500877399627,)
(-2147.8511177356263,)
(-2147.4531777269544,)
(-2145.7542077226185,)
(-2145.2951770715486,)
(-2144.2951770715495,)
(-2143.029242773115,)
(-2141.756241501052,)
(-2139.2333627557714,)
(-2139.2333627557714,)
(-2138.286549056652,)
(-2136.240791566091,)
(-2135.59248397707,)
(-2134.575245317242,)
(-2133.052366571962,)
(-2132.9731853259145,)
(-2132.2284578310177,)
(-2132.2284578310177,)
(-2131.4503065806343,)
(-2130.302244045179,)
(-2129.023847741229,)
(-2129.023847741229,)
(-2128.5806403491297,)
(-2127.8531515140603,)
(-2127.2791202463327,)
(-2125.937727791995,)
(-2125.5397877833225,)
(-2125.3690915561538,)
(-2122.3125440018193,)
(-2122.3125440018193,)
(-2122.3125440018193,)
(-2121.0906952522027,)
(-2671.346137846438,)
(-2657.485886405302,)
(-2615.039208172538,)
(-2596.893132865304,)
(-2541.9297210430605,)
(-2534.0296887087675,)
(-2445.0827200508834,)
(-2420.9235187275035,)
(-2404.3047413493136,)
(-2398.107229901836,)
(-2383.3418520087694,)
(-2375.0471225367355,)
(-2347.4631026641696,)
(-2341.1954964239926,)
(-2322.721575496161,)
(-2315.7670527897194,)
(-2303.872774385943,)
(-2295.2447860719844,)
(-2288.5772826816037,)
(-2285.7240332222914,)
(-2274.9284026883647,)
(-2268.1489559931147,)
(-2263.5290676879868,)
(-2250.9071938077905,)
(-2246.596024537712,)
(-2241.1790106480926,)
(-2238.7955374315848,)
(-2230.880185730326,)
(-2225.7994554147067,)
(-2217.5248342299246,)
(-2214.0601283499673,)
(-2210.557977087244,)
(-2204.8616685790475,)
(-2202.2418798207596,)
(-2197.1814902242772,)
(-2194.305006590283,)
(-2185.6789022034895,)
(-2180.8549934625453,)
(-2176.522622473395,)
