(-2718.319115834696,)
(-2679.1879697145077,)
(-2634.899355093606,)
(-2634.899355093606,)
(-2608.828241023952,)
(-2586.2649614399943,)
(-2568.600924837261,)
(-2568.600924837261,)
(-2568.600924837261,)
(-2547.8747455906514,)
(-2543.242722375946,)
(-2516.934916184463,)
(-2516.934916184463,)
(-2516.934916184463,)
(-2513.212205292306,)
(-2508.9903565426894,)
(-2501.212913356979,)
(-2501.212913356979,)
(-2476.519323747329,)
(-2476.519323747329,)
(-2476.519323747329,)
(-2476.519323747329,)
(-2476.519323747329,)
(-2476.519323747329,)
(-2476.519323747329,)
(-2462.15178841684,)
(-2457.150398375239,)
(-2452.42601682994,)
(-2451.7270468256042,)
(-2451.7270468256042,)
(-2446.990070820395,)
(-2438.7159605686215,)
(-2438.4941118190054,)
(-2433.032422994778,)
(-2430.3578109043483,)
(-2423.305424266842,)
(-2410.5606967719455,)
(-2410.5606967719455,)
(-2410.5606967719455,)
(-2408.037818026665,)
(-2397.064320717933,)
(-2383.7367880310017,)
(-2383.7367880310017,)
(-2383.7367880310017,)
(-2383.7367880310017,)
(-2383.7367880310017,)
(-2383.7367880310017,)
(-2381.331827679453,)
(-2381.331827679453,)
(-2381.331827679453,)
(-2370.6311789701595,)
(-2368.0291189788313,)
(-2368.0291189788313,)
(-2368.0291189788313,)
(-2368.0291189788313,)
(-2368.0291189788313,)
(-2368.0291189788313,)
(-2368.0291189788313,)
(-2368.0291189788313,)
(-2368.0291189788313,)
(-2368.0291189788313,)
(-2368.0291189788313,)
(-2368.0291189788313,)
(-2368.0291189788313,)
(-2368.0291189788313,)
(-2368.0291189788313,)
(-2364.2386339933746,)
(-2361.533399374357,)
(-2360.834429370021,)
(-2360.834429370021,)
(-2360.834429370021,)
(-2356.0058959013277,)
(-2356.0058959013277,)
(-2356.0058959013277,)
(-2356.0058959013277,)
(-2345.8352989528153,)
(-2324.117745174664,)
(-2324.117745174664,)
(-2324.117745174664,)
(-2324.117745174664,)
(-2324.117745174664,)
(-2324.117745174664,)
(-2315.016470356254,)
(-2315.016470356254,)
(-2315.016470356254,)
(-2308.044499079854,)
(-2308.044499079854,)
(-2308.044499079854,)
(-2308.044499079854,)
(-2304.74346908419,)
(-2304.74346908419,)
(-2304.74346908419,)
(-2304.74346908419,)
(-2304.74346908419,)
(-2300.3632578424786,)
(-2300.3632578424786,)
(-2300.3632578424786,)
(-2300.3632578424786,)
(-2297.076672047074,)
(-2297.076672047074,)
(-2652.5640111439366,)
(-2651.9211537733727,)
(-2620.308545271784,)
(-2555.0710974051717,)
(-2540.2676982651706,)
(-2537.3537189357485,)
(-2537.3537189357485,)
(-2537.3537189357485,)
(-2537.3537189357485,)
(-2537.3537189357485,)
(-2536.3332615247546,)
(-2520.73393017746,)
(-2519.4382952136834,)
(-2519.4382952136834,)
(-2519.4382952136834,)
(-2515.0178659896424,)
(-2508.911955936294,)
(-2505.4382952136825,)
(-2502.8662977243894,)
(-2500.692658815621,)
(-2494.2893319300374,)
(-2484.481721677276,)
(-2482.0837816686035,)
(-2474.802319882243,)
(-2474.802319882243,)
(-2474.802319882243,)
(-2464.978184439396,)
(-2429.008147662773,)
(-2429.008147662773,)
(-2420.3850792907206,)
(-2420.3850792907206,)
(-2418.4272593315472,)
(-2418.4272593315472,)
(-2418.4272593315472,)
(-2418.4272593315472,)
(-2410.3957269495186,)
(-2393.363773074026,)
(-2393.363773074026,)
(-2393.363773074026,)
(-2393.363773074026,)
(-2393.363773074026,)
(-2393.363773074026,)
(-2383.8990671940687,)
(-2383.8990671940687,)
(-2383.8990671940687,)
(-2383.8990671940687,)
(-2383.8990671940687,)
(-2383.8990671940687,)
(-2383.8990671940687,)
(-2383.8990671940687,)
(-2376.2269679021265,)
(-2371.0720659421404,)
(-2367.349972138957,)
(-2367.349972138957,)
(-2359.589549655534,)
(-2359.589549655534,)
(-2359.589549655534,)
(-2359.589549655534,)
(-2359.589549655534,)
(-2356.76564091459,)
(-2356.76564091459,)
(-2356.760146604046,)
(-2356.760146604046,)
(-2356.760146604046,)
(-2356.760146604046,)
(-2354.1178234327017,)
(-2353.872850884238,)
(-2350.8167934370376,)
(-2341.8180722330526,)
(-2341.2268023054985,)
(-2341.2268023054985,)
(-2338.8934346502947,)
(-2329.2266078756174,)
(-2326.5954702308304,)
(-2326.5954702308304,)
(-2326.5954702308304,)
(-2326.5954702308304,)
(-2326.5954702308304,)
(-2312.0350050219718,)
(-2312.0350050219718,)
(-2312.0350050219718,)
(-2312.0350050219718,)
(-2312.0350050219718,)
(-2312.0350050219718,)
(-2312.0350050219718,)
(-2311.6036855713155,)
(-2311.6036855713155,)
(-2311.6036855713155,)
(-2311.6036855713155,)
(-2307.91546131725,)
(-2307.91546131725,)
(-2301.293881651344,)
(-2301.293881651344,)
(-2299.9470941651193,)
(-2299.8221554285105,)
(-2299.8221554285105,)
(-2299.6603324043062,)
(-2298.9982466875663,)
(-2298.2992766832303,)
(-2298.2992766832303,)
(-2615.060691430462,)
(-2615.060691430462,)
(-2615.060691430462,)
(-2615.060691430462,)
(-2615.060691430462,)
(-2615.060691430462,)
(-2614.4355076402867,)
(-2578.6338404371986,)
(-2555.2673352986853,)
(-2555.2673352986853,)
(-2555.2673352986853,)
(-2555.2673352986853,)
(-2555.2673352986853,)
(-2507.4892011902803,)
(-2507.4892011902803,)
(-2507.4892011902803,)
(-2468.5622833948687,)
(-2462.3125052003084,)
(-2462.3125052003084,)
(-2439.0906564506918,)
(-2439.0906564506918,)
(-2439.0906564506918,)
(-2439.0906564506918,)
(-2439.0906564506918,)
(-2439.0906564506918,)
(-2439.0906564506918,)
(-2439.0906564506918,)
(-2439.0906564506918,)
(-2439.0906564506918,)
(-2434.5378404003195,)
(-2429.4019864029947,)
(-2429.4019864029947,)
(-2412.1430237272216,)
(-2406.8242649645977,)
(-2406.8242649645977,)
(-2406.8242649645977,)
(-2405.301386219317,)
(-2405.301386219317,)
(-2405.301386219317,)
(-2405.301386219317,)
(-2405.301386219317,)
(-2400.550685361699,)
(-2389.903510802921,)
(-2389.903510802921,)
(-2389.903510802921,)
(-2389.903510802921,)
(-2372.6443962732424,)
(-2372.6443962732424,)
(-2372.6443962732424,)
(-2372.6443962732424,)
(-2372.6443962732424,)
(-2349.8674373208687,)
(-2349.8674373208687,)
(-2349.8674373208687,)
(-2349.8674373208687,)
(-2349.8674373208687,)
(-2348.7637237816825,)
(-2348.7637237816825,)
(-2334.763579636117,)
(-2334.763579636117,)
(-2334.763579636117,)
(-2334.763579636117,)
(-2334.064609631781,)
(-2334.064609631781,)
(-2317.1858551104297,)
(-2309.2596413245906,)
(-2309.2596413245906,)
(-2309.2596413245906,)
(-2309.2596413245906,)
(-2308.3808211711553,)
(-2305.2839111581475,)
(-2305.2839111581475,)
(-2305.2839111581475,)
(-2305.2839111581475,)
(-2305.2839111581475,)
(-2299.971587987111,)
(-2299.971587987111,)
(-2299.971587987111,)
(-2299.971587987111,)
(-2299.277370091551,)
(-2299.277370091551,)
(-2299.277370091551,)
(-2299.277370091551,)
(-2299.277370091551,)
(-2294.8273768122417,)
(-2294.8273768122417,)
(-2292.6301558893365,)
(-2285.982378050884,)
(-2285.982378050884,)
(-2279.516000229184,)
(-2276.2887564476814,)
(-2276.2887564476814,)
(-2275.680055589136,)
(-2272.139249519582,)
(-2268.2641882561907,)
(-2268.2641882561907,)
(-2268.2641882561907,)
(-2268.2641882561907,)
(-2264.428144337485,)
(-2262.1855124389926,)
(-2679.3891137246483,)
(-2623.169420921397,)
(-2623.169420921397,)
(-2567.8640939151574,)
(-2567.1651239108214,)
(-2567.1651239108214,)
(-2567.1651239108214,)
(-2558.3432023175574,)
(-2539.6743073089156,)
(-2531.3065114419664,)
(-2531.3065114419664,)
(-2531.3065114419664,)
(-2531.3065114419664,)
(-2531.3065114419664,)
(-2531.3065114419664,)
(-2522.9410897923235,)
(-2522.9410897923235,)
(-2522.814479936107,)
(-2506.1815727053577,)
(-2499.2853386410225,)
(-2499.2853386410225,)
(-2499.2853386410225,)
(-2496.5760686800463,)
(-2496.5760686800463,)
(-2489.273909179241,)
(-2483.9521921210494,)
(-2480.003344643497,)
(-2472.3629952866913,)
(-2469.694169424078,)
(-2448.9195012864075,)
(-2436.743600637358,)
(-2427.418148359614,)
(-2426.5942396186697,)
(-2403.942696568175,)
(-2399.509744980424,)
(-2397.4128349674156,)
(-2397.3740603323345,)
(-2394.6449836736724,)
(-2355.0958121472554,)
(-2354.4159160238673,)
(-2354.4159160238673,)
(-2353.3701585333065,)
(-2353.3701585333065,)
(-2353.3701585333065,)
(-2352.743349432142,)
(-2352.743349432142,)
(-2352.743349432142,)
(-2352.743349432142,)
(-2352.743349432142,)
(-2352.743349432142,)
(-2352.6711885289706,)
(-2349.1483097836904,)
(-2349.1483097836904,)
(-2349.1483097836904,)
(-2349.1483097836904,)
(-2349.1483097836904,)
(-2349.1483097836904,)
(-2349.1483097836904,)
(-2340.926379394385,)
(-2340.926379394385,)
(-2340.926379394385,)
(-2340.926379394385,)
(-2340.926379394385,)
(-2340.926379394385,)
(-2337.0055606404326,)
(-2337.0055606404326,)
(-2335.528439385713,)
(-2335.528439385713,)
(-2335.528439385713,)
(-2335.528439385713,)
(-2334.354697857094,)
(-2334.354697857094,)
(-2334.354697857094,)
(-2334.354697857094,)
(-2327.353973437646,)
(-2327.353973437646,)
(-2327.353973437646,)
(-2325.420378904195,)
(-2322.4315293727054,)
(-2322.4315293727054,)
(-2322.4315293727054,)
(-2322.4315293727054,)
(-2322.137801348873,)
(-2320.438831344537,)
(-2319.3541833477784,)
(-2316.956243339106,)
(-2316.956243339106,)
(-2316.956243339106,)
(-2316.956243339106,)
(-2316.956243339106,)
(-2308.502193378682,)
(-2307.7009183294517,)
(-2307.7009183294517,)
(-2307.7009183294517,)
(-2307.7009183294517,)
(-2307.7009183294517,)
(-2306.979314633402,)
(-2306.280344629066,)
(-2306.280344629066,)
(-2306.280344629066,)
(-2586.692811216091,)
(-2586.692811216091,)
(-2571.0077276819793,)
(-2571.0077276819793,)
(-2540.1994982955657,)
(-2540.1994982955657,)
(-2540.1994982955657,)
(-2540.1994982955657,)
(-2523.1841998342297,)
(-2522.2721401840095,)
(-2516.1752301710017,)
(-2516.1752301710017,)
(-2512.753443300189,)
(-2509.8516030903293,)
(-2509.8516030903293,)
(-2508.321689631604,)
(-2464.438969702113,)
(-2464.438969702113,)
(-2448.2315895947877,)
(-2448.2315895947877,)
(-2448.2315895947877,)
(-2446.7087108495075,)
(-2444.1942682126305,)
(-2440.6629533589467,)
(-2424.8333117702114,)
(-2410.865383648497,)
(-2410.756139900415,)
(-2410.756139900415,)
(-2401.570560893582,)
(-2401.007418968285,)
(-2401.007418968285,)
(-2364.793834278936,)
(-2364.793834278936,)
(-2364.793834278936,)
(-2364.793834278936,)
(-2364.0948642746002,)
(-2364.0948642746002,)
(-2362.5830311747295,)
(-2362.32904675929,)
(-2351.0464019801266,)
(-2351.0464019801266,)
(-2351.0464019801266,)
(-2337.665383839776,)
(-2334.3251555810793,)
(-2326.8798037790716,)
(-2326.1808337747357,)
(-2326.1808337747357,)
(-2319.889035154392,)
(-2318.1900651500555,)
(-2318.1900651500555,)
(-2318.1900651500555,)
(-2318.1900651500555,)
(-2318.1900651500555,)
(-2318.1900651500555,)
(-2318.1900651500555,)
(-2317.948627638602,)
(-2310.057438709428,)
(-2310.057438709428,)
(-2309.2281349365967,)
(-2309.2281349365967,)
(-2301.6594987007556,)
(-2301.6594987007556,)
(-2301.6594987007556,)
(-2301.6594987007556,)
(-2301.6594987007556,)
(-2301.6594987007556,)
(-2295.8430677536994,)
(-2295.8430677536994,)
(-2295.8430677536994,)
(-2295.8430677536994,)
(-2295.8430677536994,)
(-2291.695005218244,)
(-2291.695005218244,)
(-2291.695005218244,)
(-2284.055504209651,)
(-2284.055504209651,)
(-2283.3565342053153,)
(-2283.3565342053153,)
(-2283.3565342053153,)
(-2283.3565342053153,)
(-2277.124385499058,)
(-2277.124385499058,)
(-2277.124385499058,)
(-2277.124385499058,)
(-2277.124385499058,)
(-2271.9536892718897,)
(-2271.9536892718897,)
(-2266.749569289234,)
(-2266.749569289234,)
(-2266.749569289234,)
(-2266.749569289234,)
(-2266.0505992848975,)
(-2266.0505992848975,)
(-2266.0505992848975,)
(-2266.0505992848975,)
(-2266.0505992848975,)
(-2266.0505992848975,)
(-2266.0505992848975,)
(-2265.870639026288,)
(-2265.870639026288,)
(-2637.342987284515,)
(-2557.9789821050167,)
(-2540.2274151855904,)
(-2540.2274151855904,)
(-2540.2274151855904,)
(-2540.2274151855904,)
(-2540.2274151855904,)
(-2540.2274151855904,)
(-2540.2274151855904,)
(-2540.2274151855904,)
(-2540.2274151855904,)
(-2516.786171081522,)
(-2485.6512377951585,)
(-2485.6512377951585,)
(-2482.8323457065794,)
(-2482.8323457065794,)
(-2481.9572844431877,)
(-2472.589040879862,)
(-2465.418344652693,)
(-2445.5780895503817,)
(-2445.5780895503817,)
(-2445.5780895503817,)
(-2445.5780895503817,)
(-2427.9276212330833,)
(-2412.5327559685734,)
(-2412.5327559685734,)
(-2398.018757938563,)
(-2383.233277156515,)
(-2383.233277156515,)
(-2383.233277156515,)
(-2383.233277156515,)
(-2382.5343071521793,)
(-2382.5343071521793,)
(-2382.5343071521793,)
(-2375.29018654754,)
(-2371.525827462397,)
(-2371.525827462397,)
(-2371.525827462397,)
(-2359.1484873670047,)
(-2358.0211675912105,)
(-2358.0211675912105,)
(-2358.0211675912105,)
(-2358.0211675912105,)
(-2358.0211675912105,)
(-2345.4245026317694,)
(-2345.4245026317694,)
(-2345.4245026317694,)
(-2345.4245026317694,)
(-2345.4245026317694,)
(-2345.4245026317694,)
(-2345.4245026317694,)
(-2343.749285311869,)
(-2336.515202105835,)
(-2336.515202105835,)
(-2336.515202105835,)
(-2333.6961879249834,)
(-2327.439481391897,)
(-2326.94738137705,)
(-2304.065480689127,)
(-2304.065480689127,)
(-2304.065480689127,)
(-2280.6552069453815,)
(-2280.6552069453815,)
(-2280.6552069453815,)
(-2280.6552069453815,)
(-2280.6552069453815,)
(-2280.6552069453815,)
(-2273.3297896765725,)
(-2273.3297896765725,)
(-2273.3297896765725,)
(-2273.3297896765725,)
(-2273.3297896765725,)
(-2273.3297896765725,)
(-2273.3297896765725,)
(-2261.220283370457,)
(-2261.220283370457,)
(-2261.220283370457,)
(-2260.521313366121,)
(-2260.521313366121,)
(-2260.521313366121,)
(-2260.521313366121,)
(-2260.521313366121,)
(-2260.521313366121,)
(-2252.3365298224467,)
(-2252.3365298224467,)
(-2252.3365298224467,)
(-2252.3365298224467,)
(-2252.3365298224467,)
(-2252.1346688500716,)
(-2252.1346688500716,)
(-2252.1346688500716,)
(-2252.1346688500716,)
(-2252.1346688500716,)
(-2250.166339024127,)
(-2248.9617136126217,)
(-2247.2869362930155,)
(-2247.2869362930155,)
(-2247.2869362930155,)
(-2244.5869127245132,)
(-2244.5869127245132,)
(-2586.5945463934045,)
(-2586.5945463934045,)
(-2586.5945463934045,)
(-2586.5945463934045,)
(-2582.3142155896767,)
(-2580.4556361170735,)
(-2557.3498013940407,)
(-2557.3498013940407,)
(-2557.3498013940407,)
(-2557.3498013940407,)
(-2536.967244652052,)
(-2536.967244652052,)
(-2536.967244652052,)
(-2533.5254558184606,)
(-2514.02288739265,)
(-2514.02288739265,)
(-2505.454663121898,)
(-2472.153939214181,)
(-2463.6143865547087,)
(-2451.746508913571,)
(-2451.746508913571,)
(-2451.746508913571,)
(-2451.746508913571,)
(-2451.746508913571,)
(-2450.7075908475404,)
(-2450.7075908475404,)
(-2433.885616606373,)
(-2433.885616606373,)
(-2427.0617078654286,)
(-2421.585881418333,)
(-2404.6637678567567,)
(-2404.6637678567567,)
(-2404.6637678567567,)
(-2404.6637678567567,)
(-2404.6637678567567,)
(-2404.6637678567567,)
(-2393.227138531852,)
(-2393.227138531852,)
(-2390.0048909898464,)
(-2389.3059209855105,)
(-2374.9121028593713,)
(-2373.07173850082,)
(-2364.494940424656,)
(-2364.494940424656,)
(-2364.494940424656,)
(-2354.3038506941975,)
(-2331.5639220821827,)
(-2331.5639220821827,)
(-2331.5639220821827,)
(-2316.7277320540225,)
(-2316.7277320540225,)
(-2316.7277320540225,)
(-2316.7277320540225,)
(-2315.3297920453506,)
(-2315.3297920453506,)
(-2315.3297920453506,)
(-2315.3297920453506,)
(-2315.3297920453506,)
(-2315.2048533087423,)
(-2315.2048533087423,)
(-2313.6864886597377,)
(-2313.6864886597377,)
(-2313.6864886597377,)
(-2313.6864886597377,)
(-2313.6864886597377,)
(-2313.6864886597377,)
(-2313.6864886597377,)
(-2313.6864886597377,)
(-2313.6864886597377,)
(-2313.6864886597377,)
(-2313.6864886597377,)
(-2313.6864886597377,)
(-2313.6864886597377,)
(-2312.0844286684105,)
(-2312.0844286684105,)
(-2312.0844286684105,)
(-2307.844851151833,)
(-2307.145881147497,)
(-2307.145881147497,)
(-2307.145881147497,)
(-2297.7534681663033,)
(-2297.7534681663033,)
(-2297.7534681663033,)
(-2296.929559425359,)
(-2296.929559425359,)
(-2296.929559425359,)
(-2295.499949242632,)
(-2295.499949242632,)
(-2295.499949242632,)
(-2283.7806102555787,)
(-2283.7806102555787,)
(-2280.7348527650183,)
(-2280.7348527650183,)
(-2280.7348527650183,)
(-2280.7348527650183,)
(-2280.7348527650183,)
(-2280.7348527650183,)
(-2280.7348527650183,)
(-2280.7348527650183,)
(-2280.7348527650183,)
(-2614.4913397137652,)
(-2610.579475802466,)
(-2610.579475802466,)
(-2595.6754522319607,)
(-2595.6754522319607,)
(-2595.6754522319607,)
(-2595.6754522319607,)
(-2590.852729269747,)
(-2590.852729269747,)
(-2588.85923485937,)
(-2569.342418048607,)
(-2563.2871561472275,)
(-2489.288795599543,)
(-2477.396495676325,)
(-2477.396495676325,)
(-2477.396495676325,)
(-2471.873616931045,)
(-2457.798396111855,)
(-2442.8030358567594,)
(-2442.8030358567594,)
(-2438.6780971201506,)
(-2438.6780971201506,)
(-2438.6780971201506,)
(-2437.15521837487,)
(-2410.7411006253074,)
(-2410.7411006253074,)
(-2410.7411006253074,)
(-2410.7411006253074,)
(-2410.7411006253074,)
(-2410.3431606166355,)
(-2408.9641941207906,)
(-2404.8768294256893,)
(-2391.6269519524726,)
(-2391.6269519524726,)
(-2391.6269519524726,)
(-2391.6269519524726,)
(-2386.5865894937983,)
(-2386.5865894937983,)
(-2386.5865894937983,)
(-2386.5865894937983,)
(-2386.5865894937983,)
(-2386.5865894937983,)
(-2386.396819385682,)
(-2386.396819385682,)
(-2386.396819385682,)
(-2386.396819385682,)
(-2386.396819385682,)
(-2386.396819385682,)
(-2385.47195071383,)
(-2381.5040293553297,)
(-2381.5040293553297,)
(-2375.2248645208706,)
(-2375.2248645208706,)
(-2375.2248645208706,)
(-2375.2248645208706,)
(-2375.2248645208706,)
(-2375.2248645208706,)
(-2373.5532473780004,)
(-2367.031044494854,)
(-2362.7275175710297,)
(-2362.413958766852,)
(-2353.4162674847876,)
(-2353.4162674847876,)
(-2353.4162674847876,)
(-2353.4162674847876,)
(-2353.4162674847876,)
(-2353.4162674847876,)
(-2353.4162674847876,)
(-2353.4162674847876,)
(-2349.4625614741744,)
(-2349.4625614741744,)
(-2349.4625614741744,)
(-2343.463864866535,)
(-2339.689317740421,)
(-2339.689317740421,)
(-2339.689317740421,)
(-2339.689317740421,)
(-2339.689317740421,)
(-2338.990347736085,)
(-2338.990347736085,)
(-2338.990347736085,)
(-2337.7276340391927,)
(-2337.7276340391927,)
(-2327.2658236272764,)
(-2327.2658236272764,)
(-2327.2658236272764,)
(-2326.3907623638843,)
(-2323.453574837462,)
(-2323.003109930385,)
(-2304.097027513948,)
(-2304.097027513948,)
(-2304.097027513948,)
(-2304.097027513948,)
(-2304.097027513948,)
(-2304.097027513948,)
(-2304.097027513948,)
(-2304.097027513948,)
(-2302.684947540867,)
(-2302.684947540867,)
(-2302.684947540867,)
(-2515.724412640293,)
(-2500.979294316919,)
(-2498.377234325591,)
(-2498.377234325591,)
(-2498.377234325591,)
(-2490.706087724326,)
(-2490.706087724326,)
(-2490.706087724326,)
(-2490.706087724326,)
(-2490.706087724326,)
(-2490.706087724326,)
(-2483.143541948034,)
(-2482.2684806846423,)
(-2482.2684806846423,)
(-2482.2684806846423,)
(-2481.5695106803064,)
(-2481.5695106803064,)
(-2459.1109166700044,)
(-2456.826468796933,)
(-2453.3653227277423,)
(-2451.8035073396977,)
(-2412.626530384083,)
(-2412.626530384083,)
(-2412.626530384083,)
(-2411.228590375411,)
(-2411.228590375411,)
(-2411.228590375411,)
(-2403.6343219205114,)
(-2403.6343219205114,)
(-2403.6343219205114,)
(-2393.2942922191287,)
(-2393.2942922191287,)
(-2393.2942922191287,)
(-2386.947504732904,)
(-2386.947504732904,)
(-2386.947504732904,)
(-2386.947504732904,)
(-2386.947504732904,)
(-2386.947504732904,)
(-2386.947504732904,)
(-2386.595965137903,)
(-2386.248534728568,)
(-2384.7202609514006,)
(-2384.6922322278006,)
(-2380.577593447832,)
(-2369.697627259687,)
(-2369.697627259687,)
(-2369.697627259687,)
(-2358.1920983360405,)
(-2349.6243811648774,)
(-2348.7999823167993,)
(-2348.7999823167993,)
(-2348.7999823167993,)
(-2348.7999823167993,)
(-2348.7999823167993,)
(-2344.4812235541754,)
(-2337.435466063614,)
(-2337.435466063614,)
(-2337.435466063614,)
(-2337.435466063614,)
(-2329.2000988931827,)
(-2329.2000988931827,)
(-2329.2000988931827,)
(-2323.297008906191,)
(-2322.598038901855,)
(-2322.598038901855,)
(-2322.598038901855,)
(-2322.598038901855,)
(-2322.598038901855,)
(-2322.598038901855,)
(-2322.598038901855,)
(-2322.598038901855,)
(-2322.598038901855,)
(-2322.598038901855,)
(-2322.598038901855,)
(-2321.3271657339446,)
(-2321.2076220292233,)
(-2313.8011728778033,)
(-2311.1199316404277,)
(-2311.1199316404277,)
(-2300.8059717606857,)
(-2300.8059717606857,)
(-2293.366821889204,)
(-2293.366821889204,)
(-2293.366821889204,)
(-2292.8454868152235,)
(-2291.8439431439233,)
(-2291.8439431439233,)
(-2291.8439431439233,)
(-2291.8439431439233,)
(-2284.4428999001443,)
(-2284.4428999001443,)
(-2284.4428999001443,)
(-2279.7439298958084,)
(-2279.7439298958084,)
(-2279.7439298958084,)
(-2278.814827324682,)
(-2278.814827324682,)
(-2278.814827324682,)
(-2278.3826116166983,)
(-2739.427155321964,)
(-2662.3087855914155,)
(-2638.0404087834654,)
(-2591.516663698722,)
(-2562.685024586598,)
(-2467.133480915405,)
(-2467.133480915405,)
(-2467.133480915405,)
(-2466.434510911069,)
(-2466.434510911069,)
(-2466.434510911069,)
(-2466.434510911069,)
(-2457.746704440656,)
(-2451.1269156823673,)
(-2446.2781577691476,)
(-2446.2781577691476,)
(-2446.2781577691476,)
(-2442.1020665100923,)
(-2442.1020665100923,)
(-2442.1020665100923,)
(-2442.1020665100923,)
(-2428.658821165488,)
(-2415.084789897761,)
(-2415.084789897761,)
(-2415.084789897761,)
(-2415.084789897761,)
(-2415.084789897761,)
(-2409.9214232022555,)
(-2407.988369991887,)
(-2407.0090691838222,)
(-2406.426083073441,)
(-2406.426083073441,)
(-2398.5801300265734,)
(-2398.5801300265734,)
(-2392.7940598587356,)
(-2353.0135445872866,)
(-2351.080491376918,)
(-2351.080491376918,)
(-2351.080491376918,)
(-2345.0809814840513,)
(-2345.0809814840513,)
(-2345.0809814840513,)
(-2342.9648525701023,)
(-2342.6884365072656,)
(-2342.6884365072656,)
(-2342.6884365072656,)
(-2338.020366372849,)
(-2338.020366372849,)
(-2338.020366372849,)
(-2338.020366372849,)
(-2337.4853289370435,)
(-2336.7863589327076,)
(-2324.9550123947015,)
(-2324.9550123947015,)
(-2324.9550123947015,)
(-2306.5320430791903,)
(-2306.5320430791903,)
(-2306.5320430791903,)
(-2306.5320430791903,)
(-2306.5320430791903,)
(-2306.5320430791903,)
(-2306.5320430791903,)
(-2306.5320430791903,)
(-2290.1922126229942,)
(-2290.1922126229942,)
(-2290.1922126229942,)
(-2290.1922126229942,)
(-2290.1922126229942,)
(-2290.1922126229942,)
(-2290.1922126229942,)
(-2290.1922126229942,)
(-2281.3177407453936,)
(-2281.3177407453936,)
(-2281.3177407453936,)
(-2277.4986376505444,)
(-2276.7996676462085,)
(-2276.7996676462085,)
(-2276.7996676462085,)
(-2275.7996676462085,)
(-2275.7996676462085,)
(-2275.7996676462085,)
(-2275.7996676462085,)
(-2275.7996676462085,)
(-2275.7996676462085,)
(-2275.7996676462085,)
(-2273.554021009238,)
(-2272.843980744127,)
(-2272.843980744127,)
(-2272.843980744127,)
(-2267.7385243559097,)
(-2267.7385243559097,)
(-2267.7385243559097,)
(-2267.7385243559097,)
(-2267.7385243559097,)
(-2267.7385243559097,)
(-2263.558745015646,)
(-2263.558745015646,)
(-2263.27369020551,)
(-2261.4919791443604,)
(-2261.4919791443604,)
(-2627.9877208094263,)
(-2586.705923573627,)
(-2581.6321373594656,)
(-2581.6321373594656,)
(-2581.6321373594656,)
(-2581.6321373594656,)
(-2547.4595573517636,)
(-2545.936678606483,)
(-2524.6815363004816,)
(-2524.6815363004816,)
(-2524.6815363004816,)
(-2506.926350854107,)
(-2500.1518410541785,)
(-2500.1518410541785,)
(-2492.1850645279756,)
(-2492.1850645279756,)
(-2492.1850645279756,)
(-2492.1850645279756,)
(-2492.1850645279756,)
(-2439.2899896396175,)
(-2439.2899896396175,)
(-2439.2899896396175,)
(-2439.2899896396175,)
(-2439.2899896396175,)
(-2439.2899896396175,)
(-2439.2899896396175,)
(-2439.2899896396175,)
(-2434.8943414277246,)
(-2434.8943414277246,)
(-2421.3911757840883,)
(-2407.0305108914895,)
(-2407.0305108914895,)
(-2407.0305108914895,)
(-2404.6325708828176,)
(-2404.6325708828176,)
(-2404.6325708828176,)
(-2392.8051902569464,)
(-2392.8051902569464,)
(-2378.616765262817,)
(-2378.616765262817,)
(-2378.616765262817,)
(-2378.616765262817,)
(-2378.616765262817,)
(-2378.616765262817,)
(-2378.616765262817,)
(-2369.458144221733,)
(-2368.0602042130613,)
(-2368.0602042130613,)
(-2368.0602042130613,)
(-2341.7454511284172,)
(-2341.7454511284172,)
(-2341.7454511284172,)
(-2340.55684331194,)
(-2339.732934570996,)
(-2339.732934570996,)
(-2339.732934570996,)
(-2338.1650731194895,)
(-2336.19944858429,)
(-2336.19944858429,)
(-2332.599502107082,)
(-2324.6298606391356,)
(-2324.6298606391356,)
(-2324.6298606391356,)
(-2320.5159560556312,)
(-2320.5159560556312,)
(-2320.5159560556312,)
(-2308.909882254075,)
(-2308.909882254075,)
(-2308.909882254075,)
(-2308.909882254075,)
(-2308.909882254075,)
(-2308.909882254075,)
(-2308.909882254075,)
(-2302.8129722410663,)
(-2302.8129722410663,)
(-2300.828667229593,)
(-2300.828667229593,)
(-2300.828667229593,)
(-2300.828667229593,)
(-2300.828667229593,)
(-2298.5911234914497,)
(-2295.9993634567622,)
(-2295.9993634567622,)
(-2295.9993634567622,)
(-2295.9993634567622,)
(-2294.8744247201535,)
(-2294.12430219337,)
(-2294.12430219337,)
(-2294.12430219337,)
(-2294.12430219337,)
(-2294.12430219337,)
(-2291.8784633351524,)
(-2291.8784633351524,)
(-2284.939915814239,)
(-2283.5419758055673,)
(-2283.5419758055673,)
(-2283.5419758055673,)
(-2275.549994001678,)
(-2275.549994001678,)
(-2274.851023997342,)
(-2629.4738834707314,)
(-2596.0237470331435,)
(-2596.0237470331435,)
(-2578.9940929985546,)
(-2533.875656202585,)
(-2531.401995479975,)
(-2531.401995479975,)
(-2531.401995479975,)
(-2531.401995479975,)
(-2511.2464397885815,)
(-2511.2464397885815,)
(-2511.2464397885815,)
(-2511.2464397885815,)
(-2511.2464397885815,)
(-2481.870152417853,)
(-2481.870152417853,)
(-2481.870152417853,)
(-2476.6909645085334,)
(-2476.6909645085334,)
(-2476.6909645085334,)
(-2456.328790266879,)
(-2455.629820262543,)
(-2455.629820262543,)
(-2455.629820262543,)
(-2455.629820262543,)
(-2455.629820262543,)
(-2455.629820262543,)
(-2450.5998570391657,)
(-2450.5998570391657,)
(-2450.5998570391657,)
(-2450.5998570391657,)
(-2450.5998570391657,)
(-2450.5998570391657,)
(-2443.8572780816103,)
(-2443.4011320883965,)
(-2443.4011320883965,)
(-2442.7021620840605,)
(-2442.7021620840605,)
(-2442.7021620840605,)
(-2442.7021620840605,)
(-2386.4027671491913,)
(-2386.4027671491913,)
(-2386.4027671491913,)
(-2386.4027671491913,)
(-2386.4027671491913,)
(-2386.4027671491913,)
(-2381.4097874920662,)
(-2381.4097874920662,)
(-2381.4097874920662,)
(-2381.4097874920662,)
(-2381.4097874920662,)
(-2381.4097874920662,)
(-2381.4097874920662,)
(-2381.4097874920662,)
(-2381.4097874920662,)
(-2381.4097874920662,)
(-2381.4097874920662,)
(-2381.210202581507,)
(-2380.319446329589,)
(-2380.319446329589,)
(-2378.4977250234533,)
(-2375.358634969619,)
(-2369.488968738114,)
(-2366.18793874245,)
(-2366.18793874245,)
(-2366.18793874245,)
(-2366.18793874245,)
(-2366.18793874245,)
(-2366.18793874245,)
(-2366.18793874245,)
(-2366.1086861450312,)
(-2354.5776125729158,)
(-2354.3541988128454,)
(-2350.007411326621,)
(-2350.007411326621,)
(-2350.007411326621,)
(-2350.007411326621,)
(-2350.007411326621,)
(-2349.433380058893,)
(-2349.433380058893,)
(-2349.433380058893,)
(-2345.1092292766953,)
(-2345.1092292766953,)
(-2345.1092292766953,)
(-2345.1092292766953,)
(-2334.7306723377587,)
(-2332.5705562642324,)
(-2332.5705562642324,)
(-2332.5705562642324,)
(-2332.5705562642324,)
(-2332.5705562642324,)
(-2332.5705562642324,)
(-2332.5705562642324,)
(-2332.5705562642324,)
(-2332.5705562642324,)
(-2330.967665956922,)
(-2330.967665956922,)
(-2326.5084083574834,)
(-2326.5084083574834,)
(-2326.5084083574834,)
(-2670.929328386083,)
(-2668.4007289580936,)
(-2668.4007289580936,)
(-2668.4007289580936,)
(-2584.0376635784023,)
(-2584.0376635784023,)
(-2584.0376635784023,)
(-2584.0376635784023,)
(-2581.6426939947064,)
(-2581.6426939947064,)
(-2507.503935084071,)
(-2507.503935084071,)
(-2507.503935084071,)
(-2507.503935084071,)
(-2507.503935084071,)
(-2504.7296062024875,)
(-2504.2211239625,)
(-2502.522153958164,)
(-2476.1575094345367,)
(-2476.1575094345367,)
(-2476.1575094345367,)
(-2476.1575094345367,)
(-2474.863908249193,)
(-2466.8673065049584,)
(-2459.255730372661,)
(-2459.255730372661,)
(-2459.255730372661,)
(-2449.2776248806404,)
(-2449.2776248806404,)
(-2449.2776248806404,)
(-2446.565781833514,)
(-2435.714874812469,)
(-2432.7103838368594,)
(-2415.2369040325957,)
(-2415.2369040325957,)
(-2414.9562930318652,)
(-2414.351542812564,)
(-2414.351542812564,)
(-2414.351542812564,)
(-2408.988957372841,)
(-2397.1438630191415,)
(-2397.1438630191415,)
(-2378.33680977605,)
(-2377.2270552049667,)
(-2377.2270552049667,)
(-2377.2270552049667,)
(-2372.6109468752556,)
(-2372.6109468752556,)
(-2360.556415460387,)
(-2360.556415460387,)
(-2360.556415460387,)
(-2360.556415460387,)
(-2358.309068635953,)
(-2354.8653711367206,)
(-2354.8653711367206,)
(-2354.8653711367206,)
(-2354.852600831832,)
(-2342.0517623524156,)
(-2342.0517623524156,)
(-2342.0517623524156,)
(-2340.3527923480797,)
(-2340.3527923480797,)
(-2340.3527923480797,)
(-2315.6860097267136,)
(-2305.896863092028,)
(-2305.896863092028,)
(-2305.896863092028,)
(-2305.896863092028,)
(-2305.896863092028,)
(-2303.7931136544894,)
(-2303.7931136544894,)
(-2303.7931136544894,)
(-2303.7931136544894,)
(-2303.7931136544894,)
(-2303.7931136544894,)
(-2300.4319762937257,)
(-2295.9760443380765,)
(-2295.9760443380765,)
(-2295.9760443380765,)
(-2295.9760443380765,)
(-2295.9760443380765,)
(-2295.9760443380765,)
(-2289.77538488753,)
(-2289.77538488753,)
(-2289.77538488753,)
(-2288.8845293569548,)
(-2286.3793793786353,)
(-2286.3793793786353,)
(-2286.3793793786353,)
(-2280.507778647353,)
(-2280.507778647353,)
(-2280.507778647353,)
(-2280.507778647353,)
(-2280.507778647353,)
(-2280.507778647353,)
(-2280.235730632149,)
(-2280.235730632149,)
(-2280.235730632149,)
(-2280.235730632149,)
(-2275.464991581768,)
(-2601.4971302883087,)
(-2583.158492650101,)
(-2583.158492650101,)
(-2583.158492650101,)
(-2568.878798422589,)
(-2563.6715048680408,)
(-2547.4761344075087,)
(-2547.4761344075087,)
(-2534.989507206675,)
(-2525.277713360132,)
(-2524.1581696554103,)
(-2524.1581696554103,)
(-2523.892624360116,)
(-2502.1746427378457,)
(-2492.009044294029,)
(-2491.310074289693,)
(-2477.0399441639493,)
(-2477.0399441639493,)
(-2477.0399441639493,)
(-2477.0399441639493,)
(-2461.9021036456306,)
(-2461.9021036456306,)
(-2456.5674082482547,)
(-2456.5674082482547,)
(-2456.5674082482547,)
(-2451.677938689569,)
(-2447.114681432481,)
(-2447.114681432481,)
(-2447.114681432481,)
(-2445.089140864012,)
(-2445.0379883415644,)
(-2432.0681093552525,)
(-2420.312260253727,)
(-2403.7851195068033,)
(-2403.7851195068033,)
(-2403.7851195068033,)
(-2402.2622407615227,)
(-2402.2622407615227,)
(-2401.1761791661675,)
(-2398.040392011907,)
(-2389.775983745805,)
(-2389.775983745805,)
(-2389.775983745805,)
(-2389.775983745805,)
(-2383.270833767486,)
(-2383.270833767486,)
(-2383.270833767486,)
(-2383.270833767486,)
(-2373.5495873684386,)
(-2373.5495873684386,)
(-2373.5495873684386,)
(-2372.8506173641026,)
(-2372.8506173641026,)
(-2363.628768614486,)
(-2358.1924999255734,)
(-2358.1924999255734,)
(-2358.1924999255734,)
(-2358.1924999255734,)
(-2358.1924999255734,)
(-2353.725678627494,)
(-2353.725678627494,)
(-2350.5799047610762,)
(-2349.19046614714,)
(-2348.366557406195,)
(-2348.366557406195,)
(-2348.366557406195,)
(-2348.366557406195,)
(-2347.1819647524044,)
(-2345.0784012649565,)
(-2345.0784012649565,)
(-2345.0784012649565,)
(-2335.560917551561,)
(-2332.861947547225,)
(-2332.861947547225,)
(-2332.861947547225,)
(-2332.861947547225,)
(-2320.7913664729394,)
(-2320.7913664729394,)
(-2320.7913664729394,)
(-2310.460373253898,)
(-2310.460373253898,)
(-2310.460373253898,)
(-2310.460373253898,)
(-2310.460373253898,)
(-2310.460373253898,)
(-2310.460373253898,)
(-2310.460373253898,)
(-2310.460373253898,)
(-2310.460373253898,)
(-2310.460373253898,)
(-2310.460373253898,)
(-2310.460373253898,)
(-2308.9374945086174,)
(-2308.9374945086174,)
(-2308.9374945086174,)
(-2304.543114310711,)
(-2304.543114310711,)
(-2304.543114310711,)
(-2300.677857198112,)
(-2300.677857198112,)
(-2658.7919790100577,)
(-2648.736461682208,)
(-2644.138994045382,)
(-2644.138994045382,)
(-2644.138994045382,)
(-2644.138994045382,)
(-2628.626558482863,)
(-2589.5569752618126,)
(-2589.5569752618126,)
(-2589.5569752618126,)
(-2589.5569752618126,)
(-2589.5569752618126,)
(-2517.441029233721,)
(-2517.441029233721,)
(-2517.441029233721,)
(-2517.441029233721,)
(-2481.337485346058,)
(-2481.337485346058,)
(-2481.337485346058,)
(-2481.337485346058,)
(-2481.337485346058,)
(-2477.5829210442475,)
(-2461.8243965984534,)
(-2461.6537003712842,)
(-2461.2557603626124,)
(-2450.2579961998244,)
(-2446.2579961998244,)
(-2446.2579961998244,)
(-2446.2579961998244,)
(-2442.2579961998244,)
(-2442.2579961998244,)
(-2435.5858843034257,)
(-2395.237397032323,)
(-2395.237397032323,)
(-2395.237397032323,)
(-2395.237397032323,)
(-2395.237397032323,)
(-2395.237397032323,)
(-2390.315361434826,)
(-2386.7924826895455,)
(-2386.7924826895455,)
(-2386.7924826895455,)
(-2386.7924826895455,)
(-2386.2010844915485,)
(-2386.2010844915485,)
(-2386.2010844915485,)
(-2386.2010844915485,)
(-2374.7644539659454,)
(-2374.7644539659454,)
(-2374.7644539659454,)
(-2374.7644539659454,)
(-2374.7644539659454,)
(-2372.410599506091,)
(-2372.410599506091,)
(-2372.410599506091,)
(-2372.410599506091,)
(-2372.410599506091,)
(-2372.410599506091,)
(-2371.410599506091,)
(-2370.4215948903925,)
(-2368.199746140776,)
(-2360.6315786729156,)
(-2360.6315786729156,)
(-2360.6315786729156,)
(-2359.932608668579,)
(-2359.932608668579,)
(-2357.932608668579,)
(-2357.932608668579,)
(-2357.932608668579,)
(-2341.565864478836,)
(-2341.2648344831723,)
(-2341.2648344831723,)
(-2339.815741952053,)
(-2339.815741952053,)
(-2339.815741952053,)
(-2339.815741952053,)
(-2329.6165437215795,)
(-2329.6165437215795,)
(-2329.6165437215795,)
(-2329.6165437215795,)
(-2329.6165437215795,)
(-2316.575585113901,)
(-2316.575585113901,)
(-2316.575585113901,)
(-2316.575585113901,)
(-2316.575585113901,)
(-2313.798388149028,)
(-2307.1206074437623,)
(-2307.1206074437623,)
(-2307.1206074437623,)
(-2305.8834545340947,)
(-2305.8834545340947,)
(-2305.8834545340947,)
(-2294.0246776450203,)
(-2293.0581014005074,)
(-2293.0581014005074,)
(-2293.0581014005074,)
(-2293.0581014005074,)
(-2286.234192659563,)
(-2285.5352226552272,)
(-2677.3159956633394,)
(-2640.8981323745875,)
(-2547.144276656918,)
(-2529.099017429408,)
(-2529.099017429408,)
(-2529.099017429408,)
(-2529.099017429408,)
(-2506.4305855982516,)
(-2506.4305855982516,)
(-2506.4305855982516,)
(-2489.3523475833813,)
(-2489.3523475833813,)
(-2489.3523475833813,)
(-2481.148227600725,)
(-2481.148227600725,)
(-2481.148227600725,)
(-2481.148227600725,)
(-2481.148227600725,)
(-2481.148227600725,)
(-2476.019201647789,)
(-2473.7816579096457,)
(-2473.7816579096457,)
(-2473.7816579096457,)
(-2472.655556269399,)
(-2472.655556269399,)
(-2468.4012580941153,)
(-2463.531435749033,)
(-2463.531435749033,)
(-2463.531435749033,)
(-2463.531435749033,)
(-2450.4271432551564,)
(-2407.0801341463484,)
(-2407.0801341463484,)
(-2407.0801341463484,)
(-2400.5545242510357,)
(-2400.5545242510357,)
(-2400.5545242510357,)
(-2400.5545242510357,)
(-2400.5545242510357,)
(-2399.730615510092,)
(-2395.8170061433466,)
(-2388.963780289717,)
(-2374.924961502343,)
(-2373.9823073386287,)
(-2370.660158026202,)
(-2370.660158026202,)
(-2370.660158026202,)
(-2369.03422054221,)
(-2369.03422054221,)
(-2369.03422054221,)
(-2361.041614013781,)
(-2361.041614013781,)
(-2361.041614013781,)
(-2358.964699560852,)
(-2357.5284308719392,)
(-2357.5284308719392,)
(-2344.245597715468,)
(-2344.245597715468,)
(-2344.245597715468,)
(-2342.4034421612246,)
(-2333.7325008804887,)
(-2333.7325008804887,)
(-2333.7325008804887,)
(-2332.403739084658,)
(-2332.403739084658,)
(-2321.8631315724174,)
(-2321.8631315724174,)
(-2321.8631315724174,)
(-2320.9880703090253,)
(-2320.9880703090253,)
(-2315.361835901599,)
(-2315.361835901599,)
(-2315.361835901599,)
(-2315.361835901599,)
(-2315.361835901599,)
(-2311.820098884218,)
(-2311.820098884218,)
(-2311.121128879882,)
(-2301.3489127807356,)
(-2301.3489127807356,)
(-2301.3489127807356,)
(-2301.3489127807356,)
(-2298.7199535709487,)
(-2298.591950829422,)
(-2296.3220135622764,)
(-2296.3220135622764,)
(-2295.9418023205644,)
(-2295.9418023205644,)
(-2282.781406050036,)
(-2282.781406050036,)
(-2282.781406050036,)
(-2282.781406050036,)
(-2275.134808870926,)
(-2273.497562206669,)
(-2273.497562206669,)
(-2273.497562206669,)
(-2273.236614472677,)
(-2273.236614472677,)
(-2273.236614472677,)
(-2273.236614472677,)
