(-2831.1988720769937,)
(-2752.8023153183494,)
(-2752.8023153183494,)
(-2752.8023153183494,)
(-2752.8023153183494,)
(-2643.888777649707,)
(-2643.888777649707,)
(-2643.888777649707,)
(-2643.888777649707,)
(-2643.888777649707,)
(-2643.888777649707,)
(-2643.888777649707,)
(-2643.888777649707,)
(-2593.620439706889,)
(-2592.3142253221504,)
(-2559.6898974710407,)
(-2559.6898974710407,)
(-2550.295473465675,)
(-2541.9438925762324,)
(-2541.9438925762324,)
(-2541.6947224506935,)
(-2532.3407663160856,)
(-2532.3407663160856,)
(-2532.3407663160856,)
(-2506.02515363894,)
(-2506.02515363894,)
(-2506.02515363894,)
(-2497.6856615661704,)
(-2491.338874079945,)
(-2491.338874079945,)
(-2491.338874079945,)
(-2487.1170253303285,)
(-2481.9178102724263,)
(-2481.9178102724263,)
(-2481.9178102724263,)
(-2481.9178102724263,)
(-2481.9178102724263,)
(-2481.9178102724263,)
(-2481.9178102724263,)
(-2467.47465552823,)
(-2467.47465552823,)
(-2461.019706849876,)
(-2459.3436330952877,)
(-2434.1227005592173,)
(-2434.1227005592173,)
(-2434.1227005592173,)
(-2433.9977618226094,)
(-2433.9977618226094,)
(-2433.9977618226094,)
(-2433.0712212090134,)
(-2421.018851843023,)
(-2421.018851843023,)
(-2421.018851843023,)
(-2417.736406411832,)
(-2417.736406411832,)
(-2400.916623767751,)
(-2382.603260037014,)
(-2382.603260037014,)
(-2382.603260037014,)
(-2382.603260037014,)
(-2382.603260037014,)
(-2382.603260037014,)
(-2382.603260037014,)
(-2382.603260037014,)
(-2382.603260037014,)
(-2382.603260037014,)
(-2381.9554425551255,)
(-2381.9554425551255,)
(-2381.9554425551255,)
(-2381.9554425551255,)
(-2374.5601906812776,)
(-2374.5601906812776,)
(-2374.5601906812776,)
(-2374.5601906812776,)
(-2359.079690534137,)
(-2359.079690534137,)
(-2359.079690534137,)
(-2359.079690534137,)
(-2359.079690534137,)
(-2359.079690534137,)
(-2359.079690534137,)
(-2359.079690534137,)
(-2359.079690534137,)
(-2359.079690534137,)
(-2359.079690534137,)
(-2359.079690534137,)
(-2359.079690534137,)
(-2359.079690534137,)
(-2359.079690534137,)
(-2359.079690534137,)
(-2356.2892055486795,)
(-2348.9089943069685,)
(-2348.2100243026325,)
(-2348.2100243026325,)
(-2348.2100243026325,)
(-2348.2100243026325,)
(-2343.9192942636073,)
(-2343.2203242592714,)
(-2343.2203242592714,)
(-2343.2203242592714,)
(-2793.833819368648,)
(-2793.833819368648,)
(-2780.6074864093976,)
(-2718.4552484983146,)
(-2718.4552484983146,)
(-2718.4552484983146,)
(-2663.4057691254625,)
(-2663.4057691254625,)
(-2663.4057691254625,)
(-2663.4057691254625,)
(-2663.4057691254625,)
(-2644.318607816364,)
(-2644.2487869087176,)
(-2644.2487869087176,)
(-2636.4693370226714,)
(-2604.0085146960273,)
(-2604.0085146960273,)
(-2601.7486826594863,)
(-2601.7486826594863,)
(-2601.7486826594863,)
(-2601.7486826594863,)
(-2589.1270521783827,)
(-2578.2241431097355,)
(-2562.483966052828,)
(-2539.7028331386455,)
(-2539.7028331386455,)
(-2510.948566368242,)
(-2510.948566368242,)
(-2510.948566368242,)
(-2493.9770851989765,)
(-2493.9770851989765,)
(-2493.9770851989765,)
(-2493.9770851989765,)
(-2493.9770851989765,)
(-2473.097884362031,)
(-2466.078854794586,)
(-2466.078854794586,)
(-2464.139277047189,)
(-2464.139277047189,)
(-2464.139277047189,)
(-2463.0712139005227,)
(-2463.0712139005227,)
(-2463.0712139005227,)
(-2463.0712139005227,)
(-2463.0712139005227,)
(-2460.2117624608663,)
(-2460.2117624608663,)
(-2457.9163119405375,)
(-2457.9163119405375,)
(-2454.843642083412,)
(-2445.1715844456403,)
(-2444.4726144413044,)
(-2444.4726144413044,)
(-2444.4726144413044,)
(-2444.4726144413044,)
(-2444.4726144413044,)
(-2427.138249317159,)
(-2423.1279493605193,)
(-2423.1279493605193,)
(-2423.1279493605193,)
(-2423.1279493605193,)
(-2423.1279493605193,)
(-2423.1279493605193,)
(-2417.58016588792,)
(-2398.0472244431717,)
(-2398.0472244431717,)
(-2398.0472244431717,)
(-2397.1441344561795,)
(-2397.1441344561795,)
(-2397.1441344561795,)
(-2397.1441344561795,)
(-2397.1441344561795,)
(-2397.1441344561795,)
(-2397.1441344561795,)
(-2397.1441344561795,)
(-2382.0912010052602,)
(-2382.0912010052602,)
(-2382.0912010052602,)
(-2382.0912010052602,)
(-2377.595367706285,)
(-2377.595367706285,)
(-2377.595367706285,)
(-2377.595367706285,)
(-2370.21952202689,)
(-2364.5134836250395,)
(-2361.1463787358393,)
(-2361.1463787358393,)
(-2361.1463787358393,)
(-2361.1463787358393,)
(-2359.03427326065,)
(-2351.6304217637658,)
(-2335.5359676978655,)
(-2333.9361047643492,)
(-2333.9361047643492,)
(-2325.4280623005557,)
(-2325.4280623005557,)
(-2325.4280623005557,)
(-2322.2327978818967,)
(-2322.2327978818967,)
(-2322.2327978818967,)
(-2629.5835592108942,)
(-2626.7617658880717,)
(-2621.369220911286,)
(-2620.67025090695,)
(-2620.67025090695,)
(-2620.67025090695,)
(-2620.67025090695,)
(-2620.67025090695,)
(-2620.67025090695,)
(-2620.67025090695,)
(-2620.67025090695,)
(-2617.5108044863473,)
(-2603.8278587603127,)
(-2590.862987004459,)
(-2586.303305611271,)
(-2586.303305611271,)
(-2586.303305611271,)
(-2585.8315793884367,)
(-2585.8315793884367,)
(-2583.4971256372864,)
(-2583.4971256372864,)
(-2583.4971256372864,)
(-2583.4971256372864,)
(-2583.4971256372864,)
(-2583.4971256372864,)
(-2583.4971256372864,)
(-2583.4971256372864,)
(-2572.543367655725,)
(-2572.543367655725,)
(-2565.6663774718118,)
(-2552.897484673613,)
(-2552.897484673613,)
(-2552.897484673613,)
(-2552.897484673613,)
(-2546.887047528559,)
(-2546.887047528559,)
(-2546.887047528559,)
(-2543.480371067157,)
(-2499.6681361314636,)
(-2499.6681361314636,)
(-2499.6681361314636,)
(-2495.7953448658777,)
(-2495.7953448658777,)
(-2495.7953448658777,)
(-2495.7953448658777,)
(-2487.8287909303976,)
(-2487.8287909303976,)
(-2487.8287909303976,)
(-2487.8287909303976,)
(-2487.8287909303976,)
(-2487.8287909303976,)
(-2481.9529689858723,)
(-2481.9529689858723,)
(-2478.093602711007,)
(-2478.093602711007,)
(-2459.245496293512,)
(-2459.245496293512,)
(-2437.852951316727,)
(-2437.852951316727,)
(-2437.852951316727,)
(-2435.6938281434977,)
(-2435.6938281434977,)
(-2435.6938281434977,)
(-2433.5038605067175,)
(-2433.5038605067175,)
(-2433.5038605067175,)
(-2433.5038605067175,)
(-2433.5038605067175,)
(-2433.5038605067175,)
(-2427.2399701908844,)
(-2427.2399701908844,)
(-2427.2399701908844,)
(-2427.2399701908844,)
(-2424.0225553649416,)
(-2424.0225553649416,)
(-2424.0225553649416,)
(-2424.0225553649416,)
(-2424.0225553649416,)
(-2424.0225553649416,)
(-2424.0225553649416,)
(-2418.721525369278,)
(-2418.721525369278,)
(-2414.8140014586124,)
(-2405.8976166283337,)
(-2395.451615805316,)
(-2395.451615805316,)
(-2395.451615805316,)
(-2395.451615805316,)
(-2391.9726416905078,)
(-2391.9726416905078,)
(-2391.9726416905078,)
(-2390.9268841999474,)
(-2390.9268841999474,)
(-2390.9268841999474,)
(-2390.9268841999474,)
(-2390.9268841999474,)
(-2390.9268841999474,)
(-2390.9268841999474,)
(-2390.9268841999474,)
(-2390.853097985787,)
(-2695.96824954502,)
(-2649.44537079974,)
(-2645.2235220501234,)
(-2645.2235220501234,)
(-2609.5154060873056,)
(-2599.258327352868,)
(-2599.258327352868,)
(-2599.258327352868,)
(-2599.258327352868,)
(-2599.258327352868,)
(-2594.8849060583425,)
(-2594.8849060583425,)
(-2592.498101256072,)
(-2587.3688091432205,)
(-2587.3688091432205,)
(-2559.359494051152,)
(-2553.616375768019,)
(-2553.616375768019,)
(-2553.616375768019,)
(-2550.5528895104976,)
(-2550.5528895104976,)
(-2542.3453250949583,)
(-2537.2547029579687,)
(-2535.276664367334,)
(-2531.3885965372306,)
(-2519.1001276016386,)
(-2517.3397051182155,)
(-2517.3397051182155,)
(-2517.3397051182155,)
(-2516.447205573183,)
(-2514.7379356122074,)
(-2507.2505867220984,)
(-2489.5516167177625,)
(-2489.5516167177625,)
(-2489.5516167177625,)
(-2489.5516167177625,)
(-2489.5516167177625,)
(-2489.5516167177625,)
(-2488.814858152537,)
(-2488.814858152537,)
(-2488.814858152537,)
(-2488.814858152537,)
(-2486.503528200233,)
(-2472.695660962789,)
(-2472.695660962789,)
(-2472.695660962789,)
(-2470.310054689191,)
(-2469.3666022435245,)
(-2464.321942630634,)
(-2461.9240026219613,)
(-2461.9240026219613,)
(-2461.9240026219613,)
(-2460.815204667511,)
(-2460.815204667511,)
(-2460.815204667511,)
(-2450.864076175207,)
(-2448.3692261535266,)
(-2448.3692261535266,)
(-2448.3692261535266,)
(-2448.3692261535266,)
(-2448.3692261535266,)
(-2448.3692261535266,)
(-2441.545317412582,)
(-2441.545317412582,)
(-2441.545317412582,)
(-2441.545317412582,)
(-2441.545317412582,)
(-2438.1214640984326,)
(-2438.1214640984326,)
(-2438.1214640984326,)
(-2436.7779562259725,)
(-2436.7779562259725,)
(-2436.7779562259725,)
(-2436.7779562259725,)
(-2436.7779562259725,)
(-2436.598585353153,)
(-2436.598585353153,)
(-2436.4224940940967,)
(-2436.4224940940967,)
(-2435.2697303595833,)
(-2432.996525361824,)
(-2423.114134566768,)
(-2423.114134566768,)
(-2423.114134566768,)
(-2415.583081571288,)
(-2415.583081571288,)
(-2415.583081571288,)
(-2415.583081571288,)
(-2415.583081571288,)
(-2415.583081571288,)
(-2415.583081571288,)
(-2415.583081571288,)
(-2410.3988251425,)
(-2410.3988251425,)
(-2410.3988251425,)
(-2402.944201871124,)
(-2400.9581432782184,)
(-2400.9581432782184,)
(-2400.1974405977926,)
(-2399.167658292761,)
(-2752.5056826026325,)
(-2736.4243615362793,)
(-2736.4243615362793,)
(-2736.4243615362793,)
(-2717.229800469458,)
(-2666.204703854531,)
(-2666.204703854531,)
(-2666.204703854531,)
(-2663.2928121000964,)
(-2660.9214026258273,)
(-2650.8088863433877,)
(-2629.633247238961,)
(-2629.633247238961,)
(-2629.633247238961,)
(-2629.633247238961,)
(-2607.6119413081024,)
(-2559.9953576896896,)
(-2559.9953576896896,)
(-2548.091113611946,)
(-2546.1555838267623,)
(-2502.159758872463,)
(-2497.1775099484566,)
(-2461.4567668587397,)
(-2455.9480503064397,)
(-2455.9480503064397,)
(-2455.9480503064397,)
(-2455.9480503064397,)
(-2455.9480503064397,)
(-2455.9480503064397,)
(-2455.9480503064397,)
(-2455.9480503064397,)
(-2451.1077243857562,)
(-2441.865209846103,)
(-2441.058523790627,)
(-2440.710307886117,)
(-2430.3701942277935,)
(-2421.3982229513936,)
(-2421.3982229513936,)
(-2421.3982229513936,)
(-2421.3982229513936,)
(-2421.3982229513936,)
(-2413.1342374843366,)
(-2413.1342374843366,)
(-2413.1342374843366,)
(-2407.115435829325,)
(-2379.3211188071664,)
(-2379.3211188071664,)
(-2379.3211188071664,)
(-2379.3211188071664,)
(-2379.007777385462,)
(-2379.007777385462,)
(-2379.007777385462,)
(-2379.007777385462,)
(-2379.007777385462,)
(-2374.4106000098523,)
(-2366.8476952208075,)
(-2361.825061529094,)
(-2361.825061529094,)
(-2361.825061529094,)
(-2361.825061529094,)
(-2361.825061529094,)
(-2361.825061529094,)
(-2358.933774497954,)
(-2358.933774497954,)
(-2358.933774497954,)
(-2358.4566532432345,)
(-2355.63274450229,)
(-2354.933774497954,)
(-2354.933774497954,)
(-2350.6986783998414,)
(-2345.6017683868336,)
(-2345.6017683868336,)
(-2345.6017683868336,)
(-2345.6017683868336,)
(-2333.617485684393,)
(-2333.617485684393,)
(-2333.617485684393,)
(-2333.617485684393,)
(-2333.617485684393,)
(-2325.319326835049,)
(-2325.319326835049,)
(-2325.319326835049,)
(-2325.319326835049,)
(-2325.319326835049,)
(-2325.319326835049,)
(-2325.319326835049,)
(-2325.319326835049,)
(-2325.319326835049,)
(-2320.4393606469043,)
(-2320.4393606469043,)
(-2320.4393606469043,)
(-2320.4393606469043,)
(-2313.43224102537,)
(-2313.43224102537,)
(-2313.43224102537,)
(-2301.4408866792364,)
(-2301.4408866792364,)
(-2301.4408866792364,)
(-2301.4408866792364,)
(-2301.4408866792364,)
(-2751.315396437659,)
(-2738.841572677103,)
(-2715.99900246276,)
(-2715.99900246276,)
(-2714.055609652313,)
(-2689.7447016893616,)
(-2644.236002612741,)
(-2644.236002612741,)
(-2644.236002612741,)
(-2644.236002612741,)
(-2644.236002612741,)
(-2644.236002612741,)
(-2627.2545489149784,)
(-2627.2545489149784,)
(-2625.731670169698,)
(-2625.731670169698,)
(-2625.731670169698,)
(-2570.514993496525,)
(-2494.626914354917,)
(-2491.1040356096364,)
(-2491.1040356096364,)
(-2491.1040356096364,)
(-2491.1040356096364,)
(-2489.8010711141956,)
(-2489.8010711141956,)
(-2488.899915626981,)
(-2487.5811568643558,)
(-2487.314553807481,)
(-2487.314553807481,)
(-2487.314553807481,)
(-2483.791675062201,)
(-2483.791675062201,)
(-2483.4114638204896,)
(-2483.4114638204896,)
(-2483.4114638204896,)
(-2463.457266869418,)
(-2463.457266869418,)
(-2460.4340975122036,)
(-2455.009667495752,)
(-2441.6909087331273,)
(-2440.9919387287914,)
(-2436.8578168571953,)
(-2429.8424318006923,)
(-2422.6997642971237,)
(-2422.6997642971237,)
(-2422.6997642971237,)
(-2422.6997642971237,)
(-2422.6997642971237,)
(-2421.222643042404,)
(-2421.222643042404,)
(-2408.3541815120375,)
(-2408.3541815120375,)
(-2408.3541815120375,)
(-2408.3541815120375,)
(-2408.3541815120375,)
(-2408.3541815120375,)
(-2406.5583014946938,)
(-2406.5583014946938,)
(-2401.6037016882515,)
(-2401.6037016882515,)
(-2401.6037016882515,)
(-2387.957088907501,)
(-2387.957088907501,)
(-2387.957088907501,)
(-2387.957088907501,)
(-2387.957088907501,)
(-2387.957088907501,)
(-2387.957088907501,)
(-2385.0036578363897,)
(-2382.8021869475156,)
(-2371.342392979628,)
(-2371.342392979628,)
(-2364.307034724364,)
(-2364.307034724364,)
(-2364.307034724364,)
(-2364.307034724364,)
(-2356.6082456383733,)
(-2356.6082456383733,)
(-2356.6082456383733,)
(-2356.6082456383733,)
(-2356.6082456383733,)
(-2351.4533436783877,)
(-2351.4533436783877,)
(-2344.4089313018144,)
(-2344.4089313018144,)
(-2344.4089313018144,)
(-2344.4089313018144,)
(-2344.4089313018144,)
(-2344.4089313018144,)
(-2344.2151112757974,)
(-2344.2151112757974,)
(-2344.2151112757974,)
(-2344.2151112757974,)
(-2344.2151112757974,)
(-2344.2151112757974,)
(-2338.560553648036,)
(-2338.463643635028,)
(-2338.463643635028,)
(-2338.463643635028,)
(-2323.0934521529534,)
(-2804.0575508518787,)
(-2732.295334471462,)
(-2732.295334471462,)
(-2732.295334471462,)
(-2732.295334471462,)
(-2727.909660546679,)
(-2723.4569698141063,)
(-2652.614877248549,)
(-2652.614877248549,)
(-2652.614877248549,)
(-2644.5846203017395,)
(-2601.338062511978,)
(-2601.144732593096,)
(-2601.144732593096,)
(-2592.1887743720363,)
(-2589.255131775876,)
(-2585.445536811376,)
(-2585.0332830262605,)
(-2581.7963061022406,)
(-2581.7963061022406,)
(-2581.7963061022406,)
(-2581.7963061022406,)
(-2581.7963061022406,)
(-2575.8244319308856,)
(-2575.8244319308856,)
(-2575.8244319308856,)
(-2559.639850314186,)
(-2548.0761190030985,)
(-2548.0761190030985,)
(-2548.0761190030985,)
(-2548.0761190030985,)
(-2548.0761190030985,)
(-2529.270969255598,)
(-2529.270969255598,)
(-2529.270969255598,)
(-2529.270969255598,)
(-2529.270969255598,)
(-2529.270969255598,)
(-2529.270969255598,)
(-2521.3721937551613,)
(-2506.7428763967773,)
(-2506.7428763967773,)
(-2506.7428763967773,)
(-2506.7428763967773,)
(-2506.7428763967773,)
(-2506.7428763967773,)
(-2488.11740903994,)
(-2488.11740903994,)
(-2488.11740903994,)
(-2462.208995503982,)
(-2462.208995503982,)
(-2460.4308442535976,)
(-2460.4308442535976,)
(-2460.4308442535976,)
(-2459.7318742492616,)
(-2441.768226549785,)
(-2440.59829100375,)
(-2440.59829100375,)
(-2428.6638760690757,)
(-2428.6638760690757,)
(-2428.6638760690757,)
(-2422.846854591268,)
(-2422.2811668468935,)
(-2418.265983899009,)
(-2418.265983899009,)
(-2418.265983899009,)
(-2410.595042618274,)
(-2410.595042618274,)
(-2407.205199949666,)
(-2407.205199949666,)
(-2407.205199949666,)
(-2397.395385691027,)
(-2397.395385691027,)
(-2397.395385691027,)
(-2391.62425478352,)
(-2391.62425478352,)
(-2391.62425478352,)
(-2391.62425478352,)
(-2391.62425478352,)
(-2391.0485982048026,)
(-2390.8003460425753,)
(-2387.043384091262,)
(-2387.043384091262,)
(-2387.043384091262,)
(-2387.043384091262,)
(-2385.3901715774864,)
(-2375.35476291082,)
(-2375.35476291082,)
(-2375.35476291082,)
(-2366.758020981755,)
(-2366.758020981755,)
(-2366.758020981755,)
(-2366.758020981755,)
(-2366.758020981755,)
(-2366.758020981755,)
(-2366.758020981755,)
(-2366.758020981755,)
(-2366.758020981755,)
(-2350.1197612547385,)
(-2350.1197612547385,)
(-2710.9810573344757,)
(-2710.9810573344757,)
(-2709.246089676869,)
(-2705.0242409272523,)
(-2679.1521626434433,)
(-2679.1521626434433,)
(-2673.124133919843,)
(-2614.2148167676073,)
(-2551.23368064743,)
(-2551.23368064743,)
(-2551.23368064743,)
(-2551.23368064743,)
(-2551.23368064743,)
(-2538.6843514682723,)
(-2538.6843514682723,)
(-2538.6843514682723,)
(-2527.620717802137,)
(-2527.620717802137,)
(-2527.620717802137,)
(-2519.2616515459927,)
(-2519.2616515459927,)
(-2508.7186629945663,)
(-2508.7186629945663,)
(-2508.7186629945663,)
(-2508.7186629945663,)
(-2506.135857802531,)
(-2505.5248592363782,)
(-2492.8525728416553,)
(-2492.8525728416553,)
(-2492.8525728416553,)
(-2492.612995325078,)
(-2492.612995325078,)
(-2492.612995325078,)
(-2492.612995325078,)
(-2481.9770214711302,)
(-2481.7939915088873,)
(-2480.049409841155,)
(-2473.6057123419228,)
(-2473.6057123419228,)
(-2472.718270794949,)
(-2452.4096280106896,)
(-2432.578570656427,)
(-2432.578570656427,)
(-2413.5221769825703,)
(-2411.3003282329537,)
(-2411.3003282329537,)
(-2408.9481457148427,)
(-2408.9481457148427,)
(-2408.9481457148427,)
(-2408.9481457148427,)
(-2408.9481457148427,)
(-2408.9481457148427,)
(-2408.9481457148427,)
(-2403.6173334141467,)
(-2403.6173334141467,)
(-2403.6173334141467,)
(-2403.6173334141467,)
(-2403.6173334141467,)
(-2403.6173334141467,)
(-2403.6173334141467,)
(-2403.6173334141467,)
(-2403.6173334141467,)
(-2403.6173334141467,)
(-2403.6173334141467,)
(-2403.6173334141467,)
(-2403.6173334141467,)
(-2403.6173334141467,)
(-2403.6173334141467,)
(-2403.6173334141467,)
(-2403.6173334141467,)
(-2403.6173334141467,)
(-2403.6173334141467,)
(-2399.2581305531594,)
(-2399.2581305531594,)
(-2399.2581305531594,)
(-2399.2581305531594,)
(-2394.2527355212733,)
(-2394.000511899418,)
(-2391.9571005574953,)
(-2390.028540623018,)
(-2387.3295706186823,)
(-2387.3295706186823,)
(-2387.3295706186823,)
(-2387.3295706186823,)
(-2387.3295706186823,)
(-2386.329570618682,)
(-2378.5850240421305,)
(-2378.1624539385152,)
(-2365.882613241921,)
(-2362.4389157426886,)
(-2362.4389157426886,)
(-2362.4389157426886,)
(-2358.726292436436,)
(-2357.203413691155,)
(-2357.203413691155,)
(-2356.7720499269963,)
(-2356.7720499269963,)
(-2353.7474817355055,)
(-2346.4956697625116,)
(-2346.4956697625116,)
(-2779.068632321427,)
(-2779.068632321427,)
(-2775.573782299747,)
(-2763.1119408028935,)
(-2763.1119408028935,)
(-2763.1119408028935,)
(-2746.7347992993323,)
(-2709.5090794268976,)
(-2709.5090794268976,)
(-2709.5090794268976,)
(-2709.5090794268976,)
(-2671.144060501495,)
(-2650.1303013967686,)
(-2637.805346132725,)
(-2637.805346132725,)
(-2637.805346132725,)
(-2637.805346132725,)
(-2637.805346132725,)
(-2636.282467387445,)
(-2630.6796024014807,)
(-2620.588556158884,)
(-2604.218273462049,)
(-2537.590554129645,)
(-2537.590554129645,)
(-2537.590554129645,)
(-2537.590554129645,)
(-2537.590554129645,)
(-2537.590554129645,)
(-2537.590554129645,)
(-2533.572235976895,)
(-2532.0493572316145,)
(-2521.1526015587365,)
(-2516.443331597761,)
(-2516.443331597761,)
(-2512.0274819037827,)
(-2512.0274819037827,)
(-2512.0274819037827,)
(-2512.0274819037827,)
(-2501.2737818764326,)
(-2471.3014841489044,)
(-2471.3014841489044,)
(-2467.9430618803704,)
(-2461.497142697041,)
(-2460.3210514379857,)
(-2460.3210514379857,)
(-2458.8212964915515,)
(-2447.8749192676273,)
(-2447.8749192676273,)
(-2447.8749192676273,)
(-2425.665695802905,)
(-2425.665695802905,)
(-2425.665695802905,)
(-2425.665695802905,)
(-2425.665695802905,)
(-2425.665695802905,)
(-2425.665695802905,)
(-2425.665695802905,)
(-2425.665695802905,)
(-2422.786364886935,)
(-2413.393329803016,)
(-2413.393329803016,)
(-2407.5013312541637,)
(-2398.0453992985144,)
(-2397.647818477554,)
(-2382.444831525143,)
(-2380.4221978334294,)
(-2380.4221978334294,)
(-2380.4221978334294,)
(-2380.0242578247576,)
(-2380.0242578247576,)
(-2380.0242578247576,)
(-2380.0242578247576,)
(-2372.5032692657514,)
(-2372.5032692657514,)
(-2372.5032692657514,)
(-2372.5032692657514,)
(-2372.5032692657514,)
(-2370.252901685402,)
(-2367.3273215988543,)
(-2354.7744796301968,)
(-2354.7744796301968,)
(-2354.7744796301968,)
(-2354.7744796301968,)
(-2354.7744796301968,)
(-2354.7744796301968,)
(-2354.649540893589,)
(-2354.649540893589,)
(-2346.682964649075,)
(-2346.682964649075,)
(-2346.682964649075,)
(-2346.682964649075,)
(-2346.682964649075,)
(-2346.682964649075,)
(-2346.682964649075,)
(-2344.211238426243,)
(-2344.211238426243,)
(-2344.211238426243,)
(-2344.211238426243,)
(-2343.5500792918297,)
(-2342.688359680963,)
(-2612.4583476288108,)
(-2583.5425433198798,)
(-2583.5425433198798,)
(-2583.5425433198798,)
(-2583.5425433198798,)
(-2583.5425433198798,)
(-2583.5425433198798,)
(-2582.9227545615913,)
(-2582.9227545615913,)
(-2582.9227545615913,)
(-2582.9227545615913,)
(-2577.3384233372244,)
(-2574.8155445919438,)
(-2574.8155445919438,)
(-2574.8155445919438,)
(-2574.8155445919438,)
(-2574.8155445919438,)
(-2574.8155445919438,)
(-2574.8155445919438,)
(-2568.465753149268,)
(-2568.465753149268,)
(-2568.465753149268,)
(-2567.81793566738,)
(-2505.537007875145,)
(-2501.98406662783,)
(-2501.98406662783,)
(-2501.98406662783,)
(-2501.98406662783,)
(-2501.98406662783,)
(-2501.98406662783,)
(-2462.749470022287,)
(-2462.749470022287,)
(-2462.749470022287,)
(-2462.749470022287,)
(-2462.749470022287,)
(-2449.6065819569353,)
(-2449.6065819569353,)
(-2449.6065819569353,)
(-2449.6065819569353,)
(-2449.6065819569353,)
(-2449.6065819569353,)
(-2449.6065819569353,)
(-2449.6065819569353,)
(-2449.6065819569353,)
(-2449.6065819569353,)
(-2449.6065819569353,)
(-2445.544215095033,)
(-2443.3223663454164,)
(-2443.3223663454164,)
(-2442.318816644173,)
(-2441.655413499839,)
(-2440.2254563324086,)
(-2440.2254563324086,)
(-2439.229444767567,)
(-2431.8329283903645,)
(-2431.8329283903645,)
(-2431.8329283903645,)
(-2431.8329283903645,)
(-2429.054181088228,)
(-2416.5013391195703,)
(-2413.2337328793933,)
(-2413.2337328793933,)
(-2413.2337328793933,)
(-2413.2337328793933,)
(-2408.5274123061727,)
(-2377.7839076512296,)
(-2377.7839076512296,)
(-2377.7839076512296,)
(-2377.7839076512296,)
(-2373.6638738393744,)
(-2373.6638738393744,)
(-2373.6638738393744,)
(-2373.6638738393744,)
(-2373.6638738393744,)
(-2373.6638738393744,)
(-2368.9843923225485,)
(-2368.9843923225485,)
(-2368.9843923225485,)
(-2362.5881531254367,)
(-2360.466774199594,)
(-2351.7392761819256,)
(-2336.9493897648567,)
(-2336.9493897648567,)
(-2336.9493897648567,)
(-2328.0362840081802,)
(-2326.355042770804,)
(-2326.355042770804,)
(-2326.355042770804,)
(-2324.5134052628996,)
(-2324.5134052628996,)
(-2314.525964229822,)
(-2314.525964229822,)
(-2304.794977912005,)
(-2297.09152181914,)
(-2297.09152181914,)
(-2297.09152181914,)
(-2297.09152181914,)
(-2297.09152181914,)
(-2286.5210946756815,)
(-2286.5210946756815,)
(-2679.672416708619,)
(-2679.672416708619,)
(-2679.672416708619,)
(-2679.672416708619,)
(-2679.672416708619,)
(-2635.2567036194837,)
(-2635.2567036194837,)
(-2635.2567036194837,)
(-2597.2730150114307,)
(-2597.2730150114307,)
(-2597.2730150114307,)
(-2597.2730150114307,)
(-2597.2730150114307,)
(-2597.2730150114307,)
(-2590.2193351179317,)
(-2590.2193351179317,)
(-2590.2193351179317,)
(-2590.2193351179317,)
(-2590.2193351179317,)
(-2560.780995362932,)
(-2560.310809286297,)
(-2552.883599388759,)
(-2552.883599388759,)
(-2552.883599388759,)
(-2543.74872342162,)
(-2543.74872342162,)
(-2543.74872342162,)
(-2543.74872342162,)
(-2543.74872342162,)
(-2536.2144595280615,)
(-2536.2144595280615,)
(-2515.9079915942207,)
(-2515.9079915942207,)
(-2498.95016346462,)
(-2498.3023459827314,)
(-2498.3023459827314,)
(-2488.0382995533214,)
(-2488.0382995533214,)
(-2488.0382995533214,)
(-2475.2143908123767,)
(-2475.2143908123767,)
(-2475.2143908123767,)
(-2474.566573330488,)
(-2474.566573330488,)
(-2474.566573330488,)
(-2474.566573330488,)
(-2474.566573330488,)
(-2446.7205585343904,)
(-2436.517776902507,)
(-2436.517776902507,)
(-2436.517776902507,)
(-2436.517776902507,)
(-2436.517776902507,)
(-2436.517776902507,)
(-2436.517776902507,)
(-2435.70595902582,)
(-2435.70595902582,)
(-2435.70595902582,)
(-2435.70595902582,)
(-2435.70595902582,)
(-2435.70595902582,)
(-2429.103899034492,)
(-2429.103899034492,)
(-2429.103899034492,)
(-2429.103899034492,)
(-2429.103899034492,)
(-2429.103899034492,)
(-2427.8678979390006,)
(-2427.8678979390006,)
(-2427.8678979390006,)
(-2411.752972174073,)
(-2411.752972174073,)
(-2411.752972174073,)
(-2411.752972174073,)
(-2411.752972174073,)
(-2411.752972174073,)
(-2411.752972174073,)
(-2411.752972174073,)
(-2406.4544167975373,)
(-2406.4544167975373,)
(-2406.4544167975373,)
(-2406.4544167975373,)
(-2406.4544167975373,)
(-2403.656240811178,)
(-2397.4299921982056,)
(-2396.634112180862,)
(-2395.7590509174706,)
(-2393.0252127650037,)
(-2393.0252127650037,)
(-2393.0252127650037,)
(-2393.0252127650037,)
(-2393.0252127650037,)
(-2393.0252127650037,)
(-2393.0252127650037,)
(-2393.0252127650037,)
(-2393.0252127650037,)
(-2391.4000289748283,)
(-2384.9717315957287,)
(-2383.8156977504614,)
(-2383.8156977504614,)
(-2776.5940122838792,)
(-2724.350528441562,)
(-2724.350528441562,)
(-2724.350528441562,)
(-2645.4897070532224,)
(-2645.4897070532224,)
(-2645.4897070532224,)
(-2644.848831829552,)
(-2640.1993145627857,)
(-2617.7455217119605,)
(-2599.5447037149925,)
(-2599.5447037149925,)
(-2589.2030196197447,)
(-2586.3297343097083,)
(-2584.5338542923646,)
(-2584.5338542923646,)
(-2573.071579873621,)
(-2551.4783678148915,)
(-2551.4783678148915,)
(-2494.393658615676,)
(-2494.393658615676,)
(-2494.393658615676,)
(-2494.393658615676,)
(-2494.393658615676,)
(-2470.772206593894,)
(-2470.772206593894,)
(-2470.772206593894,)
(-2470.772206593894,)
(-2470.772206593894,)
(-2470.772206593894,)
(-2443.864698506576,)
(-2443.864698506576,)
(-2441.967003551471,)
(-2441.967003551471,)
(-2441.967003551471,)
(-2441.967003551471,)
(-2441.967003551471,)
(-2441.967003551471,)
(-2441.967003551471,)
(-2435.9815573187034,)
(-2435.9815573187034,)
(-2435.9815573187034,)
(-2433.5484689648993,)
(-2410.5231417625055,)
(-2404.8572696962565,)
(-2397.9382045237353,)
(-2397.9382045237353,)
(-2391.261945802079,)
(-2391.0066732969754,)
(-2390.6087332883035,)
(-2390.6087332883035,)
(-2387.1076441185323,)
(-2387.1076441185323,)
(-2359.613638213057,)
(-2359.613638213057,)
(-2359.613638213057,)
(-2339.0871996570104,)
(-2339.0871996570104,)
(-2339.0871996570104,)
(-2339.0871996570104,)
(-2339.0871996570104,)
(-2339.0871996570104,)
(-2339.0871996570104,)
(-2337.5643209117297,)
(-2335.542627993992,)
(-2328.2757062908286,)
(-2327.972366447161,)
(-2327.972366447161,)
(-2327.972366447161,)
(-2327.972366447161,)
(-2327.5767362864926,)
(-2327.5767362864926,)
(-2327.5767362864926,)
(-2327.5767362864926,)
(-2327.5767362864926,)
(-2327.5767362864926,)
(-2327.5767362864926,)
(-2327.5767362864926,)
(-2327.5767362864926,)
(-2323.097305183769,)
(-2323.097305183769,)
(-2323.097305183769,)
(-2321.2399726873373,)
(-2320.521829523398,)
(-2313.8598430853153,)
(-2313.8598430853153,)
(-2313.8598430853153,)
(-2313.8598430853153,)
(-2312.2449592517796,)
(-2312.2449592517796,)
(-2312.2449592517796,)
(-2312.115115590418,)
(-2312.115115590418,)
(-2310.1431443140186,)
(-2310.1431443140186,)
(-2310.1431443140186,)
(-2310.1431443140186,)
(-2310.1431443140186,)
(-2308.4672981085296,)
(-2308.4672981085296,)
(-2808.8114569331133,)
(-2808.8114569331133,)
(-2798.266114426176,)
(-2791.4738385331016,)
(-2727.327879183215,)
(-2727.327879183215,)
(-2727.327879183215,)
(-2727.327879183215,)
(-2727.327879183215,)
(-2591.966682272888,)
(-2591.966682272888,)
(-2591.966682272888,)
(-2591.966682272888,)
(-2574.8114377017328,)
(-2574.8114377017328,)
(-2574.8114377017328,)
(-2574.8114377017328,)
(-2574.8114377017328,)
(-2574.8114377017328,)
(-2574.8114377017328,)
(-2567.8546713067244,)
(-2567.8546713067244,)
(-2567.8546713067244,)
(-2567.8546713067244,)
(-2540.642159649404,)
(-2540.642159649404,)
(-2528.624430882444,)
(-2528.624430882444,)
(-2528.624430882444,)
(-2528.624430882444,)
(-2525.416669449332,)
(-2512.3617380971373,)
(-2511.528137671578,)
(-2495.587196879885,)
(-2477.544816706311,)
(-2477.544816706311,)
(-2477.544816706311,)
(-2477.544816706311,)
(-2477.544816706311,)
(-2477.544816706311,)
(-2477.544816706311,)
(-2477.544816706311,)
(-2476.845846701975,)
(-2473.662816739733,)
(-2473.662816739733,)
(-2432.730137171441,)
(-2423.568395786925,)
(-2423.568395786925,)
(-2423.568395786925,)
(-2423.568395786925,)
(-2423.568395786925,)
(-2423.5172432644777,)
(-2422.4714857739173,)
(-2422.4714857739173,)
(-2422.4714857739173,)
(-2416.452908763318,)
(-2414.3559987503095,)
(-2411.787607325908,)
(-2406.265822119961,)
(-2405.3439098266763,)
(-2405.3439098266763,)
(-2405.343909826676,)
(-2405.343909826676,)
(-2405.343909826676,)
(-2403.0730239727345,)
(-2403.0730239727345,)
(-2403.0730239727345,)
(-2403.0730239727345,)
(-2403.0730239727345,)
(-2397.7967430869066,)
(-2397.7967430869066,)
(-2393.412095688422,)
(-2393.412095688422,)
(-2393.412095688422,)
(-2393.412095688422,)
(-2393.412095688422,)
(-2393.412095688422,)
(-2393.412095688422,)
(-2393.412095688422,)
(-2393.412095688422,)
(-2392.588186947478,)
(-2392.588186947478,)
(-2391.6055544126198,)
(-2391.362516363934,)
(-2391.362516363934,)
(-2390.6953969171254,)
(-2381.473548167509,)
(-2381.473548167509,)
(-2381.473548167509,)
(-2381.473548167509,)
(-2381.473548167509,)
(-2381.473548167509,)
(-2381.473548167509,)
(-2381.473548167509,)
(-2381.473548167509,)
(-2381.473548167509,)
(-2381.473548167509,)
(-2381.087505723282,)
(-2381.087505723282,)
(-2381.087505723282,)
