(-2663.398221444555,)
(-2631.2895849265915,)
(-2622.5830376484696,)
(-2584.602612717664,)
(-2562.0633489360407,)
(-2559.376607352637,)
(-2506.040727053171,)
(-2506.040727053171,)
(-2503.438667061843,)
(-2433.89333087725,)
(-2433.89333087725,)
(-2433.89333087725,)
(-2400.8303631463696,)
(-2391.64193815224,)
(-2385.089096183582,)
(-2369.1534017246845,)
(-2345.4544317203495,)
(-2338.2267537850257,)
(-2328.243881813378,)
(-2317.0963910247433,)
(-2302.948246849601,)
(-2302.948246849601,)
(-2292.6708807721348,)
(-2286.3228298116105,)
(-2285.096781853223,)
(-2275.9487193177665,)
(-2268.599011418783,)
(-2267.1070818098624,)
(-2260.192986150251,)
(-2253.6891812859176,)
(-2252.166302540637,)
(-2239.6283676174025,)
(-2239.6283676174025,)
(-2235.227556462411,)
(-2231.3273376217385,)
(-2231.3273376217385,)
(-2225.177830693639,)
(-2217.177830693639,)
(-2214.779890684966,)
(-2211.0087597774586,)
(-2207.7691822608817,)
(-2207.7691822608817,)
(-2203.3998603616005,)
(-2203.3998603616005,)
(-2201.6776672797605,)
(-2201.6776672797605,)
(-2199.3998603616005,)
(-2197.905010339921,)
(-2193.698856578831,)
(-2190.5124653631347,)
(-2190.5124653631347,)
(-2187.3854928480932,)
(-2186.6865228437564,)
(-2186.06510877448,)
(-2182.6973129075304,)
(-2182.575472866341,)
(-2179.9983429031945,)
(-2177.6899833758666,)
(-2175.7096466426046,)
(-2173.9137666252605,)
(-2173.350525421306,)
(-2172.2713441752585,)
(-2171.0564341288296,)
(-2170.253615408298,)
(-2163.2133522282816,)
(-2162.5143822239456,)
(-2161.690473483001,)
(-2161.690473483001,)
(-2160.2537963266436,)
(-2159.940350956217,)
(-2159.5548263223077,)
(-2158.8945934656567,)
(-2158.0319475770275,)
(-2155.0475609258656,)
(-2155.0475609258656,)
(-2154.6835347798146,)
(-2153.6797650589165,)
(-2152.156886313636,)
(-2152.156886313636,)
(-2150.4401875423396,)
(-2148.9177989041928,)
(-2147.4401875423396,)
(-2146.5090688317473,)
(-2146.0039188534274,)
(-2145.4121588187395,)
(-2144.2203725711565,)
(-2143.588250077795,)
(-2143.1165238549625,)
(-2142.0723100357013,)
(-2141.6044351734554,)
(-2141.1116189302093,)
(-2138.4504874989793,)
(-2138.4504874989793,)
(-2137.7515174946434,)
(-2137.410125040305,)
(-2136.0386700839335,)
(-2135.4134862937585,)
(-2134.6806024268017,)
(-2134.6806024268017,)
(-2133.642273746562,)
