(-2716.7941554004233,)
(-2716.7941554004233,)
(-2716.7941554004233,)
(-2615.4854252256964,)
(-2607.7141954527797,)
(-2607.0152254484437,)
(-2607.0152254484437,)
(-2601.844301672176,)
(-2601.14533166784,)
(-2601.14533166784,)
(-2601.14533166784,)
(-2593.9985425669965,)
(-2589.799086618217,)
(-2589.799086618217,)
(-2575.074661788066,)
(-2574.37569178373,)
(-2574.37569178373,)
(-2568.585650274651,)
(-2544.198010222619,)
(-2544.198010222619,)
(-2528.5659870079144,)
(-2528.5659870079144,)
(-2528.5659870079144,)
(-2519.0687066806086,)
(-2519.0687066806086,)
(-2519.0687066806086,)
(-2519.0687066806086,)
(-2516.567017059316,)
(-2516.567017059316,)
(-2509.418768081883,)
(-2487.340518546758,)
(-2487.340518546758,)
(-2479.878032124117,)
(-2446.5407696432217,)
(-2446.5407696432217,)
(-2434.9061132934517,)
(-2397.0695616286453,)
(-2397.0695616286453,)
(-2397.0695616286453,)
(-2378.64898792826,)
(-2378.64898792826,)
(-2378.64898792826,)
(-2378.64898792826,)
(-2378.64898792826,)
(-2378.64898792826,)
(-2378.64898792826,)
(-2378.64898792826,)
(-2378.64898792826,)
(-2378.64898792826,)
(-2378.64898792826,)
(-2369.4115328171224,)
(-2369.4115328171224,)
(-2369.4115328171224,)
(-2359.6329097864455,)
(-2359.6329097864455,)
(-2359.6329097864455,)
(-2359.6329097864455,)
(-2359.6329097864455,)
(-2358.2726863885096,)
(-2358.2349697777736,)
(-2356.45681852739,)
(-2356.45681852739,)
(-2356.45681852739,)
(-2356.45681852739,)
(-2356.45681852739,)
(-2356.45681852739,)
(-2356.3061101439966,)
(-2356.3061101439966,)
(-2356.3061101439966,)
(-2355.908170135325,)
(-2355.908170135325,)
(-2354.1300188849414,)
(-2342.322386916397,)
(-2342.322386916397,)
(-2342.322386916397,)
(-2342.322386916397,)
(-2342.322386916397,)
(-2341.697203126222,)
(-2341.697203126222,)
(-2341.697203126222,)
(-2340.7995081711165,)
(-2337.0983590482633,)
(-2335.3202077978794,)
(-2335.3202077978794,)
(-2330.9755260802726,)
(-2326.4182681700067,)
(-2326.4182681700067,)
(-2325.6861587942035,)
(-2325.6861587942035,)
(-2325.6861587942035,)
(-2324.0378760099497,)
(-2323.91305742111,)
(-2320.0358422315157,)
(-2320.0358422315157,)
(-2320.0358422315157,)
(-2320.0358422315157,)
(-2320.0358422315157,)
(-2318.257690981132,)
(-2318.257690981132,)
(-2318.257690981132,)
(-2610.024525983053,)
(-2610.024525983053,)
(-2610.024525983053,)
(-2610.024525983053,)
(-2610.024525983053,)
(-2610.024525983053,)
(-2610.024525983053,)
(-2610.024525983053,)
(-2601.1012339486456,)
(-2577.8966145078416,)
(-2545.752110797587,)
(-2545.752110797587,)
(-2545.752110797587,)
(-2502.6262373662576,)
(-2502.6262373662576,)
(-2502.6262373662576,)
(-2489.0296682365542,)
(-2481.4560312462218,)
(-2480.7889589650404,)
(-2475.8183003619233,)
(-2474.6912462071923,)
(-2473.9922762028564,)
(-2465.0177287788756,)
(-2465.0177287788756,)
(-2465.0177287788756,)
(-2462.8714198248526,)
(-2461.0705626419663,)
(-2458.845072441895,)
(-2458.845072441895,)
(-2448.2422073884763,)
(-2448.2422073884763,)
(-2443.8202673024052,)
(-2436.1474347124504,)
(-2425.7125111375253,)
(-2425.7125111375253,)
(-2425.7125111375253,)
(-2423.485299041938,)
(-2423.485299041938,)
(-2412.804337790757,)
(-2412.804337790757,)
(-2403.0079176540626,)
(-2402.409164161841,)
(-2401.184008913118,)
(-2389.2651246589426,)
(-2389.2651246589426,)
(-2384.588473082191,)
(-2384.588473082191,)
(-2384.588473082191,)
(-2380.87078877454,)
(-2380.190533073519,)
(-2360.7725332709183,)
(-2360.7725332709183,)
(-2360.7725332709183,)
(-2360.7725332709183,)
(-2360.7725332709183,)
(-2360.7725332709183,)
(-2360.7725332709183,)
(-2360.7725332709183,)
(-2360.7725332709183,)
(-2360.7725332709183,)
(-2357.7267757803575,)
(-2357.7267757803575,)
(-2357.7267757803575,)
(-2357.7267757803575,)
(-2357.7267757803575,)
(-2357.7267757803575,)
(-2357.7267757803575,)
(-2354.6578944909497,)
(-2354.6578944909497,)
(-2354.6578944909497,)
(-2354.6578944909497,)
(-2354.6578944909497,)
(-2354.6578944909497,)
(-2354.6578944909497,)
(-2354.6578944909497,)
(-2354.6578944909497,)
(-2354.6578944909497,)
(-2354.6578944909497,)
(-2344.867409505492,)
(-2343.270744546051,)
(-2343.270744546051,)
(-2343.270744546051,)
(-2343.270744546051,)
(-2343.270744546051,)
(-2343.270744546051,)
(-2340.061229531508,)
(-2340.061229531508,)
(-2340.061229531508,)
(-2338.538350786228,)
(-2338.538350786228,)
(-2338.538350786228,)
(-2338.538350786228,)
(-2338.538350786228,)
(-2338.538350786228,)
(-2334.89694023587,)
(-2333.7090470133967,)
(-2333.578181473245,)
(-2332.5781814732445,)
(-2328.6913182464364,)
(-2328.6913182464364,)
(-2683.5714926670043,)
(-2677.7966210303857,)
(-2674.428825163436,)
(-2658.2783280764443,)
(-2643.462738018256,)
(-2643.462738018256,)
(-2643.462738018256,)
(-2544.7038824918995,)
(-2542.8902737075955,)
(-2515.8364077178844,)
(-2507.729197748237,)
(-2507.729197748237,)
(-2465.1363113877183,)
(-2465.1363113877183,)
(-2465.1363113877183,)
(-2465.1363113877183,)
(-2465.1363113877183,)
(-2465.1363113877183,)
(-2465.1363113877183,)
(-2465.1363113877183,)
(-2465.1363113877183,)
(-2458.090553897158,)
(-2458.090553897158,)
(-2458.090553897158,)
(-2449.2765369723393,)
(-2449.2765369723393,)
(-2446.9055894351377,)
(-2439.4072788813482,)
(-2439.4072788813482,)
(-2406.562467496244,)
(-2406.562467496244,)
(-2406.562467496244,)
(-2406.562467496244,)
(-2406.562467496244,)
(-2406.562467496244,)
(-2406.562467496244,)
(-2406.562467496244,)
(-2406.562467496244,)
(-2406.562467496244,)
(-2406.385652882241,)
(-2406.385652882241,)
(-2406.385652882241,)
(-2406.385652882241,)
(-2404.5720966024874,)
(-2404.16016268217,)
(-2404.16016268217,)
(-2380.053173274305,)
(-2380.053173274305,)
(-2371.004758320528,)
(-2371.004758320528,)
(-2371.004758320528,)
(-2371.004758320528,)
(-2371.004758320528,)
(-2366.5502707575224,)
(-2366.5502707575224,)
(-2366.5502707575224,)
(-2349.4102607171694,)
(-2349.4102607171694,)
(-2349.4102607171694,)
(-2349.4102607171694,)
(-2346.2819098786113,)
(-2327.821697025481,)
(-2327.821697025481,)
(-2327.821697025481,)
(-2318.423757016809,)
(-2318.423757016809,)
(-2308.2274131052254,)
(-2308.2274131052254,)
(-2308.2274131052254,)
(-2308.2274131052254,)
(-2308.2274131052254,)
(-2308.2274131052254,)
(-2308.2274131052254,)
(-2308.2274131052254,)
(-2295.4364380126344,)
(-2295.4364380126344,)
(-2295.4364380126344,)
(-2295.4364380126344,)
(-2295.4364380126344,)
(-2295.4364380126344,)
(-2295.4364380126344,)
(-2284.6989187662757,)
(-2284.6989187662757,)
(-2284.6989187662757,)
(-2284.6989187662757,)
(-2284.6989187662757,)
(-2284.6989187662757,)
(-2284.6989187662757,)
(-2283.778100012323,)
(-2278.096858774948,)
(-2278.096858774948,)
(-2278.096858774948,)
(-2278.096858774948,)
(-2278.096858774948,)
(-2278.096858774948,)
(-2271.7678000556834,)
(-2265.1657400643553,)
(-2265.1657400643553,)
(-2261.528222539107,)
(-2261.244921310403,)
(-2560.948644350903,)
(-2560.948644350903,)
(-2560.948644350903,)
(-2560.948644350903,)
(-2560.948644350903,)
(-2560.948644350903,)
(-2560.948644350903,)
(-2558.726073039135,)
(-2558.726073039135,)
(-2558.726073039135,)
(-2553.4666961989537,)
(-2542.489859093262,)
(-2538.64955993613,)
(-2538.64955993613,)
(-2538.64955993613,)
(-2525.2728092265274,)
(-2525.2728092265274,)
(-2525.2728092265274,)
(-2525.2728092265274,)
(-2525.2728092265274,)
(-2500.3892109868284,)
(-2496.5489118296964,)
(-2496.5489118296964,)
(-2496.5489118296964,)
(-2496.5489118296964,)
(-2479.52563774065,)
(-2479.52563774065,)
(-2479.52563774065,)
(-2479.52563774065,)
(-2477.4270975015493,)
(-2477.4270975015493,)
(-2477.4270975015493,)
(-2474.432492533436,)
(-2474.432492533436,)
(-2453.5610353943134,)
(-2443.728154171748,)
(-2443.728154171748,)
(-2438.7683023464015,)
(-2427.8073354177955,)
(-2427.8073354177955,)
(-2417.9183103038204,)
(-2381.856188266339,)
(-2381.856188266339,)
(-2381.856188266339,)
(-2381.856188266339,)
(-2381.856188266339,)
(-2381.856188266339,)
(-2381.856188266339,)
(-2380.5757581839553,)
(-2380.5757581839553,)
(-2380.5757581839553,)
(-2380.5757581839553,)
(-2380.5757581839553,)
(-2363.844759315652,)
(-2358.689857355666,)
(-2349.345544488569,)
(-2349.345544488569,)
(-2349.345544488569,)
(-2349.345544488569,)
(-2344.333310032152,)
(-2344.190642528583,)
(-2344.190642528583,)
(-2338.833502581168,)
(-2338.833502581168,)
(-2338.833502581168,)
(-2338.833502581168,)
(-2338.833502581168,)
(-2338.833502581168,)
(-2338.833502581168,)
(-2338.833502581168,)
(-2338.833502581168,)
(-2338.833502581168,)
(-2338.7927025199106,)
(-2338.7927025199106,)
(-2338.7927025199106,)
(-2338.7927025199106,)
(-2334.894955060255,)
(-2334.894955060255,)
(-2334.894955060255,)
(-2334.894955060255,)
(-2334.894955060255,)
(-2334.894955060255,)
(-2331.649035955256,)
(-2327.682459710743,)
(-2319.831165169309,)
(-2319.831165169309,)
(-2319.831165169309,)
(-2319.831165169309,)
(-2319.831165169309,)
(-2319.831165169309,)
(-2319.831165169309,)
(-2319.831165169309,)
(-2319.831165169309,)
(-2319.831165169309,)
(-2319.831165169309,)
(-2319.831165169309,)
(-2319.831165169309,)
(-2319.831165169309,)
(-2319.831165169309,)
(-2319.831165169309,)
(-2684.897916993199,)
(-2675.372757520159,)
(-2675.372757520159,)
(-2654.287015699485,)
(-2651.453972544641,)
(-2639.7643001021615,)
(-2639.7643001021615,)
(-2626.771143427632,)
(-2608.864462979176,)
(-2598.6584901364313,)
(-2574.21982367485,)
(-2574.21982367485,)
(-2574.21982367485,)
(-2554.0097160364053,)
(-2546.6512834795544,)
(-2546.6512834795544,)
(-2546.6512834795544,)
(-2546.6512834795544,)
(-2546.6512834795544,)
(-2546.6512834795544,)
(-2537.81713080664,)
(-2529.105926345887,)
(-2529.105926345887,)
(-2496.2997438845537,)
(-2496.2997438845537,)
(-2496.2997438845537,)
(-2496.2997438845537,)
(-2496.2997438845537,)
(-2489.503601309176,)
(-2464.026282637984,)
(-2464.026282637984,)
(-2464.026282637984,)
(-2464.026282637984,)
(-2464.026282637984,)
(-2454.7731255510034,)
(-2454.7731255510034,)
(-2449.1499579002943,)
(-2447.649712846727,)
(-2442.0442739629793,)
(-2442.0442739629793,)
(-2442.0442739629793,)
(-2442.0442739629793,)
(-2442.0442739629793,)
(-2442.0442739629793,)
(-2442.0442739629793,)
(-2438.964287722295,)
(-2436.929530030557,)
(-2435.320222147254,)
(-2435.320222147254,)
(-2424.766153190086,)
(-2424.766153190086,)
(-2416.197516954245,)
(-2405.6417384458446,)
(-2395.499059366076,)
(-2391.9761806207957,)
(-2391.9761806207957,)
(-2391.9761806207957,)
(-2384.1188481243644,)
(-2384.1188481243644,)
(-2384.1188481243644,)
(-2384.1188481243644,)
(-2384.1188481243644,)
(-2375.8789087710966,)
(-2371.231091289208,)
(-2371.231091289208,)
(-2371.231091289208,)
(-2370.532121284872,)
(-2370.532121284872,)
(-2360.095273533618,)
(-2344.082939798545,)
(-2344.082939798545,)
(-2337.7852780436506,)
(-2337.7852780436506,)
(-2337.7852780436506,)
(-2337.7852780436506,)
(-2337.7852780436506,)
(-2337.7852780436506,)
(-2337.7852780436506,)
(-2334.6532842736656,)
(-2333.9543142693296,)
(-2333.9543142693296,)
(-2333.9543142693296,)
(-2333.9543142693296,)
(-2333.9543142693296,)
(-2333.9543142693296,)
(-2329.060085545049,)
(-2329.060085545049,)
(-2329.060085545049,)
(-2329.060085545049,)
(-2326.518585699768,)
(-2323.662702266046,)
(-2323.662702266046,)
(-2323.662702266046,)
(-2322.7596122790537,)
(-2322.7596122790537,)
(-2318.9387509327094,)
(-2318.9387509327094,)
(-2316.045200221224,)
(-2316.045200221224,)
(-2316.045200221224,)
(-2674.7745130269086,)
(-2670.558135545791,)
(-2660.6150229074437,)
(-2658.5358416613963,)
(-2633.556073795197,)
(-2621.00363469118,)
(-2593.9980199400966,)
(-2555.6583732372883,)
(-2555.579169682208,)
(-2555.231103704532,)
(-2555.231103704532,)
(-2548.112402519914,)
(-2539.4677901779014,)
(-2538.7688201735655,)
(-2522.2219042863417,)
(-2522.2219042863417,)
(-2522.2219042863417,)
(-2495.5410885428482,)
(-2477.909065328143,)
(-2477.909065328143,)
(-2477.909065328143,)
(-2477.909065328143,)
(-2477.909065328143,)
(-2477.909065328143,)
(-2477.909065328143,)
(-2477.7556435092924,)
(-2476.386186582862,)
(-2476.386186582862,)
(-2462.845572507473,)
(-2444.189023412916,)
(-2444.189023412916,)
(-2443.2047838893836,)
(-2423.8576737966564,)
(-2423.0662464342117,)
(-2423.0662464342117,)
(-2417.885702520257,)
(-2404.7322005709075,)
(-2404.7322005709075,)
(-2404.7322005709075,)
(-2404.7322005709075,)
(-2404.421339386583,)
(-2402.6431881361996,)
(-2395.761081238331,)
(-2382.3109314428602,)
(-2382.3109314428602,)
(-2382.3109314428602,)
(-2382.3109314428602,)
(-2382.3109314428602,)
(-2382.3109314428602,)
(-2382.3109314428602,)
(-2382.3109314428602,)
(-2380.6119614385243,)
(-2380.6119614385243,)
(-2380.6119614385243,)
(-2380.6119614385243,)
(-2380.6119614385243,)
(-2380.6119614385243,)
(-2378.435870179468,)
(-2378.435870179468,)
(-2378.1151769170665,)
(-2365.2018686131237,)
(-2365.2018686131237,)
(-2365.2018686131237,)
(-2365.2018686131237,)
(-2365.2018686131237,)
(-2365.2018686131237,)
(-2361.6741675893,)
(-2361.0263501074114,)
(-2361.0263501074114,)
(-2356.276227580628,)
(-2356.276227580628,)
(-2356.276227580628,)
(-2354.258334527768,)
(-2354.258334527768,)
(-2352.951909500218,)
(-2352.951909500218,)
(-2352.951909500218,)
(-2345.918779930237,)
(-2343.1535025342773,)
(-2340.7555625256055,)
(-2340.7555625256055,)
(-2340.7555625256055,)
(-2340.7555625256055,)
(-2332.9577303695164,)
(-2332.9577303695164,)
(-2332.9577303695164,)
(-2332.332546579341,)
(-2332.332546579341,)
(-2331.8578675705003,)
(-2330.81211007994,)
(-2330.81211007994,)
(-2330.81211007994,)
(-2330.81211007994,)
(-2330.81211007994,)
(-2330.81211007994,)
(-2330.81211007994,)
(-2330.81211007994,)
(-2329.7972524592983,)
(-2328.7609575574925,)
(-2325.297497512865,)
(-2536.9309611548106,)
(-2486.761585639446,)
(-2486.761585639446,)
(-2486.761585639446,)
(-2486.761585639446,)
(-2486.761585639446,)
(-2480.7793144064062,)
(-2480.7793144064062,)
(-2478.5574656567896,)
(-2478.5574656567896,)
(-2478.5574656567896,)
(-2478.5574656567896,)
(-2478.5574656567896,)
(-2467.6012886475737,)
(-2467.4025636968045,)
(-2467.4025636968045,)
(-2467.4025636968045,)
(-2467.4025636968045,)
(-2461.393216997025,)
(-2461.393216997025,)
(-2461.393216997025,)
(-2461.393216997025,)
(-2460.4430254341337,)
(-2460.4430254341337,)
(-2457.362300516786,)
(-2443.1616084101197,)
(-2443.1616084101197,)
(-2443.1616084101197,)
(-2443.1616084101197,)
(-2443.1616084101197,)
(-2443.1616084101197,)
(-2443.1616084101197,)
(-2443.1616084101197,)
(-2443.1616084101197,)
(-2443.1616084101197,)
(-2443.1616084101197,)
(-2441.3888521916224,)
(-2441.3888521916224,)
(-2441.3888521916224,)
(-2441.3888521916224,)
(-2439.741034709734,)
(-2425.742121371236,)
(-2425.742121371236,)
(-2425.742121371236,)
(-2425.168090103508,)
(-2425.168090103508,)
(-2425.168090103508,)
(-2425.168090103508,)
(-2399.240789656167,)
(-2397.5929721742777,)
(-2397.5929721742777,)
(-2397.5929721742777,)
(-2394.797092156934,)
(-2394.797092156934,)
(-2391.3582995824545,)
(-2391.3582995824545,)
(-2391.3582995824545,)
(-2390.552119608471,)
(-2372.204479294319,)
(-2372.204479294319,)
(-2372.204479294319,)
(-2363.2387726325987,)
(-2362.0106592683023,)
(-2362.0106592683023,)
(-2362.0106592683023,)
(-2362.0106592683023,)
(-2362.0106592683023,)
(-2362.0106592683023,)
(-2359.5186133291927,)
(-2358.120673320521,)
(-2358.120673320521,)
(-2358.120673320521,)
(-2357.421703316185,)
(-2357.421703316185,)
(-2357.421703316185,)
(-2357.421703316185,)
(-2357.421703316185,)
(-2357.3062942320803,)
(-2357.3062942320803,)
(-2351.9780058169526,)
(-2351.9780058169526,)
(-2351.9780058169526,)
(-2351.9780058169526,)
(-2344.6892102777047,)
(-2344.6892102777047,)
(-2344.6892102777047,)
(-2344.6892102777047,)
(-2336.44026945103,)
(-2336.4196695377505,)
(-2336.4196695377505,)
(-2336.4196695377505,)
(-2336.4196695377505,)
(-2336.4196695377505,)
(-2336.4196695377505,)
(-2329.41224072743,)
(-2326.588331986485,)
(-2326.588331986485,)
(-2326.588331986485,)
(-2326.588331986485,)
(-2326.588331986485,)
(-2734.267813774207,)
(-2681.848681813077,)
(-2628.0376396084084,)
(-2613.020617702582,)
(-2550.4567898391933,)
(-2545.073477175707,)
(-2487.07905312594,)
(-2487.07905312594,)
(-2487.07905312594,)
(-2487.07905312594,)
(-2487.07905312594,)
(-2487.07905312594,)
(-2398.2189323956472,)
(-2398.2189323956472,)
(-2397.5199623913113,)
(-2397.5199623913113,)
(-2397.5199623913113,)
(-2397.5199623913113,)
(-2394.0350157990797,)
(-2394.0350157990797,)
(-2394.0350157990797,)
(-2388.8801138390945,)
(-2388.8801138390945,)
(-2388.8801138390945,)
(-2388.8801138390945,)
(-2388.382199812496,)
(-2388.382199812496,)
(-2387.9081425626946,)
(-2387.9081425626946,)
(-2387.9081425626946,)
(-2387.3364423219346,)
(-2376.22477891988,)
(-2376.22477891988,)
(-2376.22477891988,)
(-2376.22477891988,)
(-2374.7759186079256,)
(-2374.7759186079256,)
(-2374.7759186079256,)
(-2374.7759186079256,)
(-2374.7759186079256,)
(-2374.7759186079256,)
(-2363.786476452534,)
(-2363.786476452534,)
(-2363.786476452534,)
(-2363.786476452534,)
(-2363.786476452534,)
(-2363.786476452534,)
(-2363.786476452534,)
(-2363.786476452534,)
(-2363.786476452534,)
(-2363.786476452534,)
(-2363.786476452534,)
(-2356.787610627741,)
(-2356.787610627741,)
(-2354.2189743919,)
(-2354.2189743919,)
(-2354.2189743919,)
(-2350.8084557290877,)
(-2350.8084557290877,)
(-2350.8084557290877,)
(-2339.7979105843806,)
(-2339.7979105843806,)
(-2339.558578255871,)
(-2339.558578255871,)
(-2339.558578255871,)
(-2339.558578255871,)
(-2339.558578255871,)
(-2337.7626982385264,)
(-2337.7626982385264,)
(-2337.7626982385264,)
(-2337.0948090224565,)
(-2337.0948090224565,)
(-2337.0948090224565,)
(-2335.4927490311284,)
(-2332.7926614619037,)
(-2331.9698702858477,)
(-2329.9698702858477,)
(-2327.748021536231,)
(-2326.65583552963,)
(-2322.7439716183317,)
(-2322.7439716183317,)
(-2322.7439716183317,)
(-2319.539361528541,)
(-2304.355553659446,)
(-2302.65658365511,)
(-2302.65658365511,)
(-2302.65658365511,)
(-2302.65658365511,)
(-2302.65658365511,)
(-2302.65658365511,)
(-2302.65658365511,)
(-2302.65658365511,)
(-2302.2019909396504,)
(-2302.2019909396504,)
(-2297.196776826109,)
(-2290.3097961688845,)
(-2290.3097961688845,)
(-2290.3097961688845,)
(-2290.3097961688845,)
(-2290.3097961688845,)
(-2679.1109260713206,)
(-2668.968214254249,)
(-2658.6393266864407,)
(-2630.5300829383586,)
(-2630.5300829383586,)
(-2630.5300829383586,)
(-2630.5300829383586,)
(-2586.3719303606135,)
(-2586.3719303606135,)
(-2562.9734768309754,)
(-2560.7078068688834,)
(-2540.345864513483,)
(-2540.345864513483,)
(-2540.345864513483,)
(-2540.345864513483,)
(-2514.5404452206326,)
(-2510.3923826851774,)
(-2497.1622677573546,)
(-2497.1622677573546,)
(-2497.1622677573546,)
(-2476.954768882278,)
(-2469.948425263596,)
(-2469.948425263596,)
(-2469.948425263596,)
(-2469.948425263596,)
(-2469.948425263596,)
(-2429.324614945769,)
(-2429.324614945769,)
(-2429.324614945769,)
(-2414.9904237526516,)
(-2414.9904237526516,)
(-2414.9904237526516,)
(-2411.6893937569876,)
(-2411.6893937569876,)
(-2395.501191251371,)
(-2395.203259951125,)
(-2395.203259951125,)
(-2395.203259951125,)
(-2393.162565220695,)
(-2389.940716471079,)
(-2389.940716471079,)
(-2389.940716471079,)
(-2386.4458664493986,)
(-2386.4458664493986,)
(-2386.4458664493986,)
(-2386.4458664493986,)
(-2386.4458664493986,)
(-2386.4458664493986,)
(-2386.4458664493986,)
(-2385.2586568213537,)
(-2385.2586568213537,)
(-2385.2586568213537,)
(-2385.2586568213537,)
(-2385.2586568213537,)
(-2376.3658667910013,)
(-2376.3658667910013,)
(-2376.3658667910013,)
(-2376.3658667910013,)
(-2376.3658667910013,)
(-2376.3658667910013,)
(-2368.833045386084,)
(-2368.833045386084,)
(-2368.833045386084,)
(-2368.833045386084,)
(-2368.833045386084,)
(-2368.134075381747,)
(-2368.134075381747,)
(-2368.134075381747,)
(-2368.134075381747,)
(-2366.428371994752,)
(-2366.428371994752,)
(-2366.428371994752,)
(-2366.428371994752,)
(-2358.986012846292,)
(-2358.986012846292,)
(-2358.986012846292,)
(-2358.986012846292,)
(-2358.986012846292,)
(-2351.211000492195,)
(-2351.211000492195,)
(-2351.211000492195,)
(-2345.7628694569803,)
(-2338.046170685684,)
(-2338.046170685684,)
(-2338.046170685684,)
(-2338.046170685684,)
(-2338.046170685684,)
(-2338.046170685684,)
(-2338.046170685684,)
(-2338.046170685684,)
(-2338.046170685684,)
(-2338.046170685684,)
(-2327.064276307511,)
(-2327.064276307511,)
(-2327.064276307511,)
(-2327.064276307511,)
(-2325.0785014367125,)
(-2322.8909714920574,)
(-2322.8909714920574,)
(-2315.622023200922,)
(-2622.1349344781706,)
(-2622.1349344781706,)
(-2621.4079357502346,)
(-2621.4079357502346,)
(-2597.0943166272623,)
(-2597.0943166272623,)
(-2597.0943166272623,)
(-2597.0943166272623,)
(-2597.0943166272623,)
(-2597.0943166272623,)
(-2579.542869039031,)
(-2566.1784520645024,)
(-2566.1784520645024,)
(-2566.1784520645024,)
(-2557.7947032285065,)
(-2553.414491986795,)
(-2544.171023254182,)
(-2543.472053249846,)
(-2543.472053249846,)
(-2530.9772032281658,)
(-2526.307370436567,)
(-2496.937767259266,)
(-2492.988919781714,)
(-2490.636651281117,)
(-2487.2412886953325,)
(-2487.2412886953325,)
(-2479.171841452438,)
(-2479.171841452438,)
(-2478.8303642216842,)
(-2464.963410661335,)
(-2464.347054272337,)
(-2445.182904301323,)
(-2441.758092777376,)
(-2441.758092777376,)
(-2441.758092777376,)
(-2441.758092777376,)
(-2436.515423552697,)
(-2436.515423552697,)
(-2436.515423552697,)
(-2436.515423552697,)
(-2435.5042203514145,)
(-2433.1062803427426,)
(-2433.1062803427426,)
(-2433.1062803427426,)
(-2410.7011320855327,)
(-2410.7011320855327,)
(-2403.851302402093,)
(-2403.851302402093,)
(-2403.851302402093,)
(-2398.566162937635,)
(-2381.8276543160814,)
(-2381.8276543160814,)
(-2381.8276543160814,)
(-2381.8276543160814,)
(-2371.731234410207,)
(-2371.731234410207,)
(-2371.731234410207,)
(-2371.731234410207,)
(-2371.731234410207,)
(-2371.731234410207,)
(-2371.731234410207,)
(-2352.5898985090903,)
(-2352.5898985090903,)
(-2352.5898985090903,)
(-2345.04583046474,)
(-2345.04583046474,)
(-2345.04583046474,)
(-2343.5898985090907,)
(-2343.52295171946,)
(-2326.4340768627885,)
(-2326.4340768627885,)
(-2326.4340768627885,)
(-2326.4340768627885,)
(-2326.4340768627885,)
(-2322.9446218729954,)
(-2322.9446218729954,)
(-2322.9446218729954,)
(-2322.9446218729954,)
(-2311.3736769192183,)
(-2310.6747069148823,)
(-2310.6747069148823,)
(-2310.6747069148823,)
(-2310.6747069148823,)
(-2310.6747069148823,)
(-2310.6747069148823,)
(-2310.6747069148823,)
(-2310.6747069148823,)
(-2310.6747069148823,)
(-2310.6747069148823,)
(-2310.6747069148823,)
(-2310.6747069148823,)
(-2310.6747069148823,)
(-2310.6747069148823,)
(-2310.6747069148823,)
(-2310.6747069148823,)
(-2310.6747069148823,)
(-2310.6747069148823,)
(-2306.9245843880994,)
(-2302.702735638483,)
(-2302.702735638483,)
(-2707.6298769291157,)
(-2707.6298769291157,)
(-2653.0129878412827,)
(-2602.854683200445,)
(-2602.854683200445,)
(-2602.854683200445,)
(-2594.8347329734906,)
(-2544.929170685099,)
(-2544.929170685099,)
(-2544.929170685099,)
(-2544.929170685099,)
(-2544.929170685099,)
(-2537.6731753266786,)
(-2537.6731753266786,)
(-2537.6731753266786,)
(-2537.6731753266786,)
(-2537.6731753266786,)
(-2537.6731753266786,)
(-2537.6731753266786,)
(-2537.6731753266786,)
(-2537.6731753266786,)
(-2537.6731753266786,)
(-2512.0171940674472,)
(-2512.0171940674472,)
(-2512.0171940674472,)
(-2512.0171940674472,)
(-2506.0357456356087,)
(-2506.0357456356087,)
(-2506.0357456356087,)
(-2498.4220911061466,)
(-2496.6463095459385,)
(-2496.6463095459385,)
(-2496.6463095459385,)
(-2487.554794564817,)
(-2487.554794564817,)
(-2487.554794564817,)
(-2487.554794564817,)
(-2459.2458415716337,)
(-2459.2458415716337,)
(-2459.2458415716337,)
(-2459.0897268481685,)
(-2457.01859779013,)
(-2443.6856917532505,)
(-2443.6856917532505,)
(-2443.6856917532505,)
(-2440.229759797601,)
(-2440.229759797601,)
(-2440.229759797601,)
(-2403.2993437814084,)
(-2403.2993437814084,)
(-2403.2993437814084,)
(-2403.2993437814084,)
(-2403.2993437814084,)
(-2403.2993437814084,)
(-2403.2993437814084,)
(-2400.544924190508,)
(-2400.544924190508,)
(-2400.544924190508,)
(-2400.544924190508,)
(-2392.7410589679594,)
(-2383.3216272177197,)
(-2354.9253710328467,)
(-2349.7704690728615,)
(-2349.7704690728615,)
(-2349.7704690728615,)
(-2349.7704690728615,)
(-2349.7704690728615,)
(-2344.206737761774,)
(-2344.206737761774,)
(-2330.8577615075264,)
(-2314.8288342093483,)
(-2314.8288342093483,)
(-2314.8288342093483,)
(-2314.8288342093483,)
(-2312.839134165988,)
(-2312.839134165988,)
(-2312.839134165988,)
(-2312.839134165988,)
(-2312.839134165988,)
(-2312.839134165988,)
(-2312.839134165988,)
(-2312.839134165988,)
(-2309.140164161652,)
(-2309.140164161652,)
(-2291.5602980858457,)
(-2285.065448064165,)
(-2285.065448064165,)
(-2282.1338392464395,)
(-2282.1338392464395,)
(-2282.1338392464395,)
(-2282.1338392464395,)
(-2282.1338392464395,)
(-2282.1338392464395,)
(-2282.1338392464395,)
(-2282.1338392464395,)
(-2280.753628004728,)
(-2280.5598079787123,)
(-2280.0035054779446,)
(-2279.5317792551114,)
(-2279.5317792551114,)
(-2569.088057860891,)
(-2569.088057860891,)
(-2569.088057860891,)
(-2539.184730983983,)
(-2539.184730983983,)
(-2529.68497603755,)
(-2529.68497603755,)
(-2529.68497603755,)
(-2529.68497603755,)
(-2529.68497603755,)
(-2515.5188041242936,)
(-2482.3332236738793,)
(-2482.3332236738793,)
(-2482.3332236738793,)
(-2480.4915861659742,)
(-2480.4915861659742,)
(-2480.4915861659742,)
(-2442.889097029866,)
(-2442.889097029866,)
(-2442.889097029866,)
(-2442.889097029866,)
(-2442.889097029866,)
(-2442.889097029866,)
(-2442.889097029866,)
(-2425.728700759337,)
(-2425.728700759337,)
(-2425.728700759337,)
(-2425.728700759337,)
(-2425.581128331015,)
(-2425.4842183180062,)
(-2425.4842183180062,)
(-2423.757219590071,)
(-2392.978681036314,)
(-2392.978681036314,)
(-2392.978681036314,)
(-2392.978681036314,)
(-2392.080986081209,)
(-2392.080986081209,)
(-2392.080986081209,)
(-2392.080986081209,)
(-2392.080986081209,)
(-2392.080986081209,)
(-2364.738099967787,)
(-2361.1817974670203,)
(-2361.1817974670203,)
(-2361.1817974670203,)
(-2361.1817974670203,)
(-2360.306736203628,)
(-2360.306736203628,)
(-2360.306736203628,)
(-2360.306736203628,)
(-2360.306736203628,)
(-2360.306736203628,)
(-2359.2609787130677,)
(-2359.2609787130677,)
(-2359.2609787130677,)
(-2357.4424650040096,)
(-2355.0445249953377,)
(-2355.0445249953377,)
(-2355.0445249953377,)
(-2355.0445249953377,)
(-2352.6957037306797,)
(-2352.6957037306797,)
(-2352.6957037306797,)
(-2351.732507672431,)
(-2351.732507672431,)
(-2351.732507672431,)
(-2350.9687050027437,)
(-2350.9687050027437,)
(-2331.427277309769,)
(-2331.427277309769,)
(-2331.427277309769,)
(-2331.427277309769,)
(-2331.427277309769,)
(-2331.427277309769,)
(-2331.427277309769,)
(-2324.2846098062,)
(-2324.2846098062,)
(-2321.0091795703534,)
(-2321.0091795703534,)
(-2320.4942228055547,)
(-2319.6703140646105,)
(-2319.6703140646105,)
(-2319.6703140646105,)
(-2319.6703140646105,)
(-2316.2723740559386,)
(-2315.448465314994,)
(-2315.448465314994,)
(-2306.0101628476486,)
(-2306.0101628476486,)
(-2306.0101628476486,)
(-2306.0101628476486,)
(-2306.0101628476486,)
(-2306.0101628476486,)
(-2306.0101628476486,)
(-2306.0101628476486,)
(-2301.762861907903,)
(-2301.762861907903,)
(-2301.762861907903,)
(-2301.762861907903,)
(-2730.336700099382,)
(-2730.336700099382,)
(-2730.336700099382,)
(-2730.336700099382,)
(-2730.336700099382,)
(-2686.772272497285,)
(-2656.624783041624,)
(-2649.203719234105,)
(-2642.859951243674,)
(-2602.956299479018,)
(-2602.956299479018,)
(-2602.956299479018,)
(-2590.6257839065142,)
(-2590.6257839065142,)
(-2571.64935424477,)
(-2548.9390483585953,)
(-2542.085176394273,)
(-2542.085176394273,)
(-2542.085176394273,)
(-2542.085176394273,)
(-2539.324034713134,)
(-2513.033955395137,)
(-2486.9881979045763,)
(-2486.9881979045763,)
(-2486.9881979045763,)
(-2486.9881979045763,)
(-2486.9881979045763,)
(-2486.9881979045763,)
(-2486.9881979045763,)
(-2474.5671340970575,)
(-2474.5671340970575,)
(-2474.5671340970575,)
(-2448.7387272729097,)
(-2448.7387272729097,)
(-2448.7387272729097,)
(-2418.2840771183987,)
(-2418.2840771183987,)
(-2418.2840771183987,)
(-2418.2840771183987,)
(-2418.2840771183987,)
(-2418.2840771183987,)
(-2400.7239707596395,)
(-2400.7239707596395,)
(-2400.7239707596395,)
(-2400.7239707596395,)
(-2392.989724139729,)
(-2391.4668453944482,)
(-2371.3257796613675,)
(-2371.3257796613675,)
(-2371.3257796613675,)
(-2371.3257796613675,)
(-2371.3257796613675,)
(-2371.3257796613675,)
(-2371.3257796613675,)
(-2370.5856161907905,)
(-2362.228869648359,)
(-2356.9236297527077,)
(-2356.9236297527077,)
(-2356.8267197396995,)
(-2337.9612634081827,)
(-2335.865538527073,)
(-2329.5736233561506,)
(-2329.5736233561506,)
(-2329.5736233561506,)
(-2328.8746533518147,)
(-2328.8746533518147,)
(-2328.8746533518147,)
(-2328.8746533518147,)
(-2328.8746533518147,)
(-2322.4255982550785,)
(-2321.7266282507426,)
(-2321.7266282507426,)
(-2321.7266282507426,)
(-2321.7266282507426,)
(-2321.7266282507426,)
(-2321.7266282507426,)
(-2321.7266282507426,)
(-2315.756700008325,)
(-2312.3818837985004,)
(-2312.3818837985004,)
(-2312.3818837985004,)
(-2312.3818837985004,)
(-2312.3818837985004,)
(-2310.121092664845,)
(-2305.491003949917,)
(-2305.491003949917,)
(-2305.491003949917,)
(-2300.753259471709,)
(-2300.753259471709,)
(-2300.753259471709,)
(-2300.753259471709,)
(-2300.753259471709,)
(-2300.753259471709,)
(-2299.258230908113,)
(-2299.258230908113,)
(-2299.258230908113,)
(-2295.613022014509,)
(-2295.613022014509,)
(-2295.613022014509,)
(-2295.613022014509,)
