(-2795.6763666878223,)
(-2754.9008395558003,)
(-2597.801533756324,)
(-2597.801533756324,)
(-2512.354807653812,)
(-2484.2943269064303,)
(-2479.2313530650763,)
(-2438.5828757584054,)
(-2437.822430129671,)
(-2399.285487213197,)
(-2379.3592734273584,)
(-2364.7572134360303,)
(-2364.7572134360303,)
(-2364.0582434316943,)
(-2363.873197329986,)
(-2358.259589578436,)
(-2345.742430915965,)
(-2342.1626795654283,)
(-2339.9923083891817,)
(-2336.8437225500534,)
(-2331.3333757925975,)
(-2321.655595087331,)
(-2309.8438218287115,)
(-2309.8438218287115,)
(-2306.3720956058783,)
(-2302.923003074759,)
(-2302.0479418113673,)
(-2302.0021843208065,)
(-2299.4644432848204,)
(-2290.0263730366387,)
(-2290.0263730366387,)
(-2290.0263730366387,)
(-2287.9226235991005,)
(-2284.077525559086,)
(-2282.7253430409746,)
(-2275.684490475167,)
(-2271.4525223826927,)
(-2271.4525223826927,)
(-2268.6533340643628,)
(-2264.7255236547567,)
(-2263.0917471631838,)
(-2258.5623546802867,)
(-2252.030211903565,)
(-2250.234331886221,)
(-2245.7783999305716,)
(-2242.1744051349024,)
(-2239.974025881359,)
(-2235.0750705149844,)
(-2234.335936609288,)
(-2232.831358377791,)
(-2232.6213532561137,)
(-2228.147610893815,)
(-2223.109935600086,)
(-2222.6096905465192,)
(-2221.7622961700376,)
(-2213.841839252776,)
(-2213.841839252776,)
(-2209.4492942759903,)
(-2207.3469892310954,)
(-2206.4261704771434,)
(-2205.1049871076084,)
(-2204.0793829909185,)
(-2200.9171514992686,)
(-2198.7238215803864,)
(-2196.200942835106,)
(-2195.5019728307702,)
(-2193.798097901681,)
(-2191.9284316701765,)
(-2191.6480192267595,)
(-2188.780369134721,)
(-2187.382429126049,)
(-2185.6834591217125,)
(-2182.204321727527,)
(-2180.3243379004143,)
(-2179.829487878734,)
(-2178.3506306815507,)
(-2176.102489150798,)
(-2172.0793653519513,)
(-2170.704549142126,)
(-2167.459576593663,)
(-2166.760606589327,)
(-2166.7503066326867,)
(-2165.2377278440463,)
(-2161.3827209804326,)
(-2159.8598422351524,)
(-2159.1608722308165,)
(-2158.1151147402556,)
(-2157.438778427633,)
(-2156.7909609457447,)
(-2155.819479776478,)
(-2154.2966010311975,)
(-2154.2966010311975,)
(-2153.250843540637,)
(-2152.518449780814,)
(-2150.648783549309,)
(-2150.023599759134,)
(-2148.431839724446,)
(-2147.95520857686,)
(-2146.847870336769,)
(-2145.222686546594,)
