(-2746.995000321658,)
(-2733.91502307729,)
(-2733.91502307729,)
(-2733.91502307729,)
(-2733.91502307729,)
(-2702.854857508924,)
(-2702.854857508924,)
(-2702.854857508924,)
(-2702.854857508924,)
(-2702.854857508924,)
(-2702.854857508924,)
(-2702.854857508924,)
(-2702.492375034173,)
(-2701.8445575522846,)
(-2701.8445575522846,)
(-2701.8445575522846,)
(-2701.8445575522846,)
(-2700.4569175002516,)
(-2700.4569175002516,)
(-2700.4569175002516,)
(-2696.747647539277,)
(-2695.7653763062367,)
(-2663.2238856847744,)
(-2663.2238856847744,)
(-2662.5586718749437,)
(-2644.373474252562,)
(-2644.373474252562,)
(-2644.373474252562,)
(-2644.373474252562,)
(-2644.373474252562,)
(-2644.373474252562,)
(-2644.373474252562,)
(-2644.373474252562,)
(-2644.233677895312,)
(-2644.233677895312,)
(-2644.233677895312,)
(-2644.233677895312,)
(-2643.025193107254,)
(-2643.025193107254,)
(-2643.025193107254,)
(-2603.0109453970526,)
(-2597.135884133661,)
(-2597.135884133661,)
(-2597.135884133661,)
(-2597.135884133661,)
(-2597.135884133661,)
(-2594.119061988687,)
(-2594.119061988687,)
(-2578.569281676254,)
(-2578.569281676254,)
(-2578.569281676254,)
(-2578.569281676254,)
(-2557.813506386406,)
(-2557.813506386406,)
(-2557.813506386406,)
(-2551.5556687006497,)
(-2551.5556687006497,)
(-2551.5556687006497,)
(-2540.687207235786,)
(-2537.881027261802,)
(-2537.881027261802,)
(-2509.038827910367,)
(-2509.038827910367,)
(-2509.038827910367,)
(-2509.038827910367,)
(-2509.038827910367,)
(-2509.038827910367,)
(-2509.038827910367,)
(-2509.038827910367,)
(-2509.038827910367,)
(-2501.8804654182723,)
(-2501.8804654182723,)
(-2501.8804654182723,)
(-2500.3167341071844,)
(-2500.3167341071844,)
(-2477.9406626748914,)
(-2473.9072389194043,)
(-2473.9072389194043,)
(-2473.9072389194043,)
(-2473.9072389194043,)
(-2473.9072389194043,)
(-2473.9072389194043,)
(-2468.6421974307864,)
(-2468.6421974307864,)
(-2468.6421974307864,)
(-2468.6421974307864,)
(-2468.6421974307864,)
(-2468.6421974307864,)
(-2468.6421974307864,)
(-2468.6421974307864,)
(-2467.3589378010925,)
(-2467.3589378010925,)
(-2467.3589378010925,)
(-2467.3589378010925,)
(-2466.116905860507,)
(-2464.5940271152263,)
(-2444.3307146476127,)
(-2444.3307146476127,)
(-2444.3307146476127,)
(-2444.3307146476127,)
(-3031.1295623983374,)
(-3031.1295623983374,)
(-2976.9299900019955,)
(-2911.9723252891736,)
(-2911.9723252891736,)
(-2866.836064759493,)
(-2866.836064759493,)
(-2866.836064759493,)
(-2853.0675971287906,)
(-2797.5829753654975,)
(-2797.5829753654975,)
(-2797.5829753654975,)
(-2761.3710633658775,)
(-2761.3710633658775,)
(-2761.3710633658775,)
(-2761.3710633658775,)
(-2753.1204748491355,)
(-2705.236783253596,)
(-2680.104329586467,)
(-2680.104329586467,)
(-2680.104329586467,)
(-2680.104329586467,)
(-2680.104329586467,)
(-2680.104329586467,)
(-2680.104329586467,)
(-2680.104329586467,)
(-2665.8509423292567,)
(-2665.8509423292567,)
(-2664.214461692826,)
(-2657.4056320373634,)
(-2657.4056320373634,)
(-2657.4056320373634,)
(-2655.3790674604465,)
(-2647.305622750862,)
(-2643.8840759131144,)
(-2630.8155763558602,)
(-2612.36050617959,)
(-2588.7989737654802,)
(-2578.00858805868,)
(-2564.6684814505634,)
(-2564.6684814505634,)
(-2564.6684814505634,)
(-2561.622475695036,)
(-2561.622475695036,)
(-2561.622475695036,)
(-2558.95674010857,)
(-2549.6788339117534,)
(-2549.6788339117534,)
(-2534.4704561563744,)
(-2534.4704561563744,)
(-2534.4704561563744,)
(-2534.4704561563744,)
(-2513.112878606376,)
(-2513.112878606376,)
(-2513.112878606376,)
(-2500.3066986323925,)
(-2494.447332357527,)
(-2494.447332357527,)
(-2494.447332357527,)
(-2494.447332357527,)
(-2494.447332357527,)
(-2494.447332357527,)
(-2476.6440610801505,)
(-2476.6440610801505,)
(-2476.6440610801505,)
(-2474.996243598262,)
(-2474.996243598262,)
(-2474.996243598262,)
(-2474.996243598262,)
(-2474.996243598262,)
(-2474.996243598262,)
(-2456.036288533747,)
(-2451.9276341714567,)
(-2451.9276341714567,)
(-2451.9276341714567,)
(-2449.3358741367683,)
(-2449.3358741367683,)
(-2449.3358741367683,)
(-2449.3358741367683,)
(-2449.3358741367683,)
(-2449.3358741367683,)
(-2449.3358741367683,)
(-2449.3358741367683,)
(-2443.9874323477675,)
(-2443.9874323477675,)
(-2441.181465346945,)
(-2439.482282369448,)
(-2437.084342360776,)
(-2431.069631316855,)
(-2431.069631316855,)
(-2430.671691308183,)
(-2430.671691308183,)
(-2430.671691308183,)
(-2430.671691308183,)
(-2430.671691308183,)
(-2430.671691308183,)
(-2430.671691308183,)
(-2430.671691308183,)
(-2430.671691308183,)
(-2429.5465363752933,)
(-2872.7398420435484,)
(-2863.474302679141,)
(-2863.474302679141,)
(-2863.474302679141,)
(-2863.474302679141,)
(-2863.474302679141,)
(-2841.9561964826216,)
(-2841.9561964826216,)
(-2841.9561964826216,)
(-2841.2729214668125,)
(-2810.699176478898,)
(-2810.0144183578896,)
(-2810.0144183578896,)
(-2810.0144183578896,)
(-2810.0144183578896,)
(-2810.0144183578896,)
(-2726.6533306196006,)
(-2687.709741772108,)
(-2687.709741772108,)
(-2687.709741772108,)
(-2687.709741772108,)
(-2687.709741772108,)
(-2671.5159217460914,)
(-2671.5159217460914,)
(-2671.5159217460914,)
(-2671.5159217460914,)
(-2657.3594167041147,)
(-2657.3594167041147,)
(-2657.3594167041147,)
(-2653.5074792395694,)
(-2653.5074792395694,)
(-2653.5074792395694,)
(-2649.5692254271935,)
(-2649.5692254271935,)
(-2649.5692254271935,)
(-2645.085698083156,)
(-2630.9336050023153,)
(-2630.9336050023153,)
(-2613.507196037443,)
(-2613.507196037443,)
(-2613.507196037443,)
(-2605.29387087649,)
(-2596.5802215704703,)
(-2596.5802215704703,)
(-2596.5802215704703,)
(-2588.857642055117,)
(-2576.0519661201447,)
(-2576.0519661201447,)
(-2564.7152984746176,)
(-2564.7152984746176,)
(-2533.3454851144124,)
(-2533.3454851144124,)
(-2500.846506009925,)
(-2446.2333757578217,)
(-2446.2333757578217,)
(-2446.2333757578217,)
(-2446.2333757578217,)
(-2446.2333757578217,)
(-2446.2333757578217,)
(-2446.2333757578217,)
(-2445.5344057534858,)
(-2445.5344057534858,)
(-2445.5344057534858,)
(-2445.5344057534858,)
(-2434.011527008205,)
(-2434.011527008205,)
(-2434.011527008205,)
(-2434.011527008205,)
(-2434.011527008205,)
(-2434.011527008205,)
(-2434.011527008205,)
(-2434.011527008205,)
(-2434.011527008205,)
(-2434.011527008205,)
(-2428.77618823193,)
(-2428.77618823193,)
(-2425.9146169951973,)
(-2425.9146169951973,)
(-2425.9146169951973,)
(-2425.680714707509,)
(-2413.8268427431876,)
(-2413.8268427431876,)
(-2413.8268427431876,)
(-2413.8268427431876,)
(-2413.8268427431876,)
(-2413.8268427431876,)
(-2413.8268427431876,)
(-2413.8268427431876,)
(-2413.8268427431876,)
(-2409.9286576809486,)
(-2409.9286576809486,)
(-2409.9286576809486,)
(-2409.1982976995596,)
(-2409.1982976995596,)
(-2409.1982976995596,)
(-2409.1982976995596,)
(-2409.1982976995596,)
(-2409.1982976995596,)
(-2409.1982976995596,)
(-2409.1982976995596,)
(-2889.9832021244206,)
(-2859.9677817113707,)
(-2859.9677817113707,)
(-2851.19299171444,)
(-2844.6498531507086,)
(-2738.5477100695994,)
(-2738.5477100695994,)
(-2738.5477100695994,)
(-2738.5477100695994,)
(-2738.5477100695994,)
(-2731.045954000853,)
(-2731.045954000853,)
(-2728.345009671028,)
(-2679.6698032072322,)
(-2674.012225888054,)
(-2674.012225888054,)
(-2669.829117817947,)
(-2639.5115946023343,)
(-2639.5115946023343,)
(-2639.5115946023343,)
(-2628.3134097709158,)
(-2628.3134097709158,)
(-2628.072104496203,)
(-2619.840629878455,)
(-2602.518206597301,)
(-2602.518206597301,)
(-2602.518206597301,)
(-2598.6246861710047,)
(-2589.6372824641126,)
(-2581.024382229682,)
(-2581.024382229682,)
(-2581.024382229682,)
(-2579.547260974962,)
(-2542.467909325074,)
(-2540.65430054077,)
(-2540.65430054077,)
(-2540.65430054077,)
(-2540.65430054077,)
(-2540.65430054077,)
(-2538.729219785175,)
(-2538.729219785175,)
(-2519.2290023875917,)
(-2519.2290023875917,)
(-2519.2290023875917,)
(-2515.5636370570887,)
(-2515.5636370570887,)
(-2515.5636370570887,)
(-2515.5636370570887,)
(-2485.2899706113644,)
(-2485.2899706113644,)
(-2485.2899706113644,)
(-2485.2899706113644,)
(-2485.2899706113644,)
(-2484.5910006070276,)
(-2484.5910006070276,)
(-2483.9481590631863,)
(-2480.948159063187,)
(-2480.948159063187,)
(-2465.125312147421,)
(-2465.125312147421,)
(-2465.125312147421,)
(-2454.0352415589423,)
(-2454.0352415589423,)
(-2454.0352415589423,)
(-2454.0352415589423,)
(-2449.6250670938543,)
(-2449.6250670938543,)
(-2448.9260970895184,)
(-2448.9260970895184,)
(-2446.7554008623483,)
(-2446.7554008623483,)
(-2446.7554008623483,)
(-2446.7554008623483,)
(-2444.3520658217903,)
(-2444.3520658217903,)
(-2444.068939088632,)
(-2442.420974657747,)
(-2438.0186641597084,)
(-2438.0186641597084,)
(-2438.0186641597084,)
(-2420.7433409014766,)
(-2420.7433409014766,)
(-2420.7433409014766,)
(-2420.7433409014766,)
(-2420.7433409014766,)
(-2420.7433409014766,)
(-2420.7433409014766,)
(-2420.7433409014766,)
(-2420.7433409014766,)
(-2420.7433409014766,)
(-2420.7433409014766,)
(-2420.7433409014766,)
(-2419.277257975498,)
(-2419.277257975498,)
(-2419.277257975498,)
(-2419.277257975498,)
(-2419.277257975498,)
(-2419.277257975498,)
(-2417.754379230217,)
(-2417.754379230217,)
(-2898.133798307547,)
(-2781.4247405248275,)
(-2781.4247405248275,)
(-2781.4247405248275,)
(-2781.4247405248275,)
(-2781.4247405248275,)
(-2779.4060782335323,)
(-2705.021066019502,)
(-2705.021066019502,)
(-2705.021066019502,)
(-2705.021066019502,)
(-2698.171294393984,)
(-2685.34738565304,)
(-2685.34738565304,)
(-2685.34738565304,)
(-2685.34738565304,)
(-2672.1114646830115,)
(-2632.351326135515,)
(-2632.351326135515,)
(-2632.351326135515,)
(-2632.351326135515,)
(-2613.6313468863073,)
(-2607.0292868949796,)
(-2607.0292868949796,)
(-2592.263370101013,)
(-2592.263370101013,)
(-2592.263370101013,)
(-2592.263370101013,)
(-2592.263370101013,)
(-2592.263370101013,)
(-2590.4094981366916,)
(-2590.4094981366916,)
(-2573.2360622060764,)
(-2573.2360622060764,)
(-2573.2360622060764,)
(-2573.2360622060764,)
(-2573.2360622060764,)
(-2572.315243452124,)
(-2572.315243452124,)
(-2571.7319340995073,)
(-2547.4837114709785,)
(-2547.4837114709785,)
(-2547.4837114709785,)
(-2547.4837114709785,)
(-2547.4837114709785,)
(-2533.210590242923,)
(-2533.210590242923,)
(-2533.210590242923,)
(-2533.210590242923,)
(-2533.210590242923,)
(-2533.210590242923,)
(-2533.210590242923,)
(-2533.210590242923,)
(-2533.210590242923,)
(-2533.210590242923,)
(-2524.0090931416203,)
(-2524.0090931416203,)
(-2524.0090931416203,)
(-2524.0090931416203,)
(-2522.8426950973176,)
(-2522.8426950973176,)
(-2518.785228252538,)
(-2518.785228252538,)
(-2518.785228252538,)
(-2505.9097084191562,)
(-2505.341072183315,)
(-2505.341072183315,)
(-2505.341072183315,)
(-2502.5884753558385,)
(-2502.5884753558385,)
(-2502.5884753558385,)
(-2502.5884753558385,)
(-2499.3755814488745,)
(-2499.3755814488745,)
(-2499.3755814488745,)
(-2497.2173838533454,)
(-2494.426733971322,)
(-2493.125703975659,)
(-2489.7488627703874,)
(-2489.7488627703874,)
(-2489.7488627703874,)
(-2489.7488627703874,)
(-2466.084859968641,)
(-2464.7116690698053,)
(-2464.7116690698053,)
(-2457.606195266819,)
(-2457.606195266819,)
(-2457.606195266819,)
(-2457.606195266819,)
(-2446.49136205697,)
(-2446.49136205697,)
(-2446.49136205697,)
(-2446.49136205697,)
(-2445.069802443603,)
(-2445.069802443603,)
(-2445.069802443603,)
(-2442.5021322888615,)
(-2442.5021322888615,)
(-2435.971844565143,)
(-2430.341541588452,)
(-2765.736852512249,)
(-2750.561800150088,)
(-2750.561800150088,)
(-2750.561800150088,)
(-2750.561800150088,)
(-2750.561800150088,)
(-2742.6921339185833,)
(-2740.6409813961354,)
(-2740.6409813961354,)
(-2740.6409813961354,)
(-2740.6409813961354,)
(-2740.6409813961354,)
(-2740.6409813961354,)
(-2731.5344028271147,)
(-2731.5344028271147,)
(-2731.5344028271147,)
(-2728.9051249145077,)
(-2721.644358098861,)
(-2683.648847627282,)
(-2683.648847627282,)
(-2683.648847627282,)
(-2683.648847627282,)
(-2683.648847627282,)
(-2668.157418603768,)
(-2668.157418603768,)
(-2666.634539858487,)
(-2645.3487710916074,)
(-2621.7452960425176,)
(-2621.7452960425176,)
(-2621.7452960425176,)
(-2601.3331870776515,)
(-2601.3331870776515,)
(-2601.3331870776515,)
(-2601.3331870776515,)
(-2601.3331870776515,)
(-2601.3331870776515,)
(-2601.3331870776515,)
(-2597.2975529632363,)
(-2597.2975529632363,)
(-2583.238215712239,)
(-2576.296388577562,)
(-2576.296388577562,)
(-2576.296388577562,)
(-2576.296388577562,)
(-2524.6785888488475,)
(-2515.401520019916,)
(-2515.401520019916,)
(-2489.8969492706183,)
(-2488.101069253274,)
(-2488.101069253274,)
(-2488.101069253274,)
(-2488.101069253274,)
(-2464.3407284095397,)
(-2464.3407284095397,)
(-2461.8372493754728,)
(-2461.8372493754728,)
(-2460.0999506908965,)
(-2460.0999506908965,)
(-2460.0999506908965,)
(-2460.0999506908965,)
(-2460.0999506908965,)
(-2460.0999506908965,)
(-2459.7914918849124,)
(-2459.7914918849124,)
(-2459.7914918849124,)
(-2456.0891429881553,)
(-2456.0891429881553,)
(-2456.0891429881553,)
(-2456.0891429881553,)
(-2456.0891429881553,)
(-2456.0891429881553,)
(-2456.0891429881553,)
(-2456.0891429881553,)
(-2456.0891429881553,)
(-2456.0891429881553,)
(-2456.0891429881553,)
(-2456.0891429881553,)
(-2447.2760419499527,)
(-2444.9292544637283,)
(-2444.9292544637283,)
(-2444.9292544637283,)
(-2444.9292544637283,)
(-2444.9292544637283,)
(-2441.9996617854686,)
(-2441.9996617854686,)
(-2439.36515825292,)
(-2435.8860171979413,)
(-2430.23807144561,)
(-2430.23807144561,)
(-2430.23807144561,)
(-2429.539101441274,)
(-2429.539101441274,)
(-2410.3675072749597,)
(-2410.3675072749597,)
(-2404.4956244426726,)
(-2404.4956244426726,)
(-2404.4956244426726,)
(-2404.4956244426726,)
(-2402.1290744110534,)
(-2402.1290744110534,)
(-2805.1594726905064,)
(-2791.318888746768,)
(-2791.318888746768,)
(-2791.318888746768,)
(-2791.318888746768,)
(-2791.318888746768,)
(-2791.318888746768,)
(-2779.714810298723,)
(-2779.714810298723,)
(-2779.714810298723,)
(-2779.714810298723,)
(-2778.5166228129615,)
(-2761.875144975562,)
(-2761.875144975562,)
(-2761.875144975562,)
(-2761.875144975562,)
(-2761.875144975562,)
(-2755.49394546356,)
(-2742.152584577205,)
(-2737.9307358275887,)
(-2737.9307358275887,)
(-2737.9307358275887,)
(-2725.2178884168784,)
(-2721.7444363783084,)
(-2714.857321576845,)
(-2707.37443678535,)
(-2707.37443678535,)
(-2687.1648927790225,)
(-2687.1648927790225,)
(-2675.2176003255877,)
(-2674.5186303212517,)
(-2674.5186303212517,)
(-2674.5186303212517,)
(-2669.485177573979,)
(-2655.4221678867616,)
(-2646.738237871027,)
(-2642.8674193456127,)
(-2632.4966265760154,)
(-2627.2236253039523,)
(-2625.0296352782048,)
(-2623.34856404056,)
(-2623.34856404056,)
(-2623.34856404056,)
(-2623.34856404056,)
(-2623.2688926873793,)
(-2621.6201088354796,)
(-2620.9211388311437,)
(-2620.9211388311437,)
(-2594.7445317979664,)
(-2550.854422646409,)
(-2550.854422646409,)
(-2550.854422646409,)
(-2550.854422646409,)
(-2550.854422646409,)
(-2550.854422646409,)
(-2550.3554868084784,)
(-2550.3554868084784,)
(-2550.3554868084784,)
(-2542.2646963901557,)
(-2542.25173737094,)
(-2541.385630950201,)
(-2538.445487253436,)
(-2537.7465172491,)
(-2536.853257242916,)
(-2536.853257242916,)
(-2536.853257242916,)
(-2536.7591020460386,)
(-2536.7591020460386,)
(-2536.7591020460386,)
(-2526.546714457343,)
(-2526.546714457343,)
(-2516.3577493438625,)
(-2516.3577493438625,)
(-2516.3577493438625,)
(-2516.3577493438625,)
(-2516.3577493438625,)
(-2516.3577493438625,)
(-2516.2304852790003,)
(-2511.837350916424,)
(-2508.4905634301995,)
(-2508.4905634301995,)
(-2508.4905634301995,)
(-2508.4905634301995,)
(-2508.3964185216387,)
(-2503.159570211158,)
(-2497.4989849167164,)
(-2497.442437362383,)
(-2497.442437362383,)
(-2497.442437362383,)
(-2497.442437362383,)
(-2497.430350023227,)
(-2491.784860043205,)
(-2490.2723840583244,)
(-2490.2723840583244,)
(-2490.1881950837633,)
(-2489.579394946562,)
(-2489.579394946562,)
(-2484.404339612705,)
(-2477.732386221518,)
(-2477.732386221518,)
(-2896.653073835693,)
(-2896.653073835693,)
(-2896.653073835693,)
(-2890.3405301028733,)
(-2890.3405301028733,)
(-2890.3405301028733,)
(-2890.3405301028733,)
(-2890.3405301028733,)
(-2890.3405301028733,)
(-2888.562378852489,)
(-2888.562378852489,)
(-2832.78703403749,)
(-2814.3300089120426,)
(-2814.3300089120426,)
(-2808.1483583693685,)
(-2778.7881057105965,)
(-2767.7672482477715,)
(-2746.811894453394,)
(-2746.811894453394,)
(-2746.811894453394,)
(-2746.811894453394,)
(-2746.811894453394,)
(-2746.811894453394,)
(-2746.811894453394,)
(-2681.36238384891,)
(-2681.36238384891,)
(-2681.36238384891,)
(-2681.36238384891,)
(-2673.9966834083016,)
(-2673.9966834083016,)
(-2673.9966834083016,)
(-2655.876279324267,)
(-2655.876279324267,)
(-2649.7793693112594,)
(-2649.7793693112594,)
(-2649.7793693112594,)
(-2649.7793693112594,)
(-2649.7793693112594,)
(-2644.242526428976,)
(-2642.3238230931456,)
(-2642.3238230931456,)
(-2642.3238230931456,)
(-2615.8640170721137,)
(-2615.8640170721137,)
(-2615.8640170721137,)
(-2615.8640170721137,)
(-2612.82365461344,)
(-2589.754170535237,)
(-2589.754170535237,)
(-2589.754170535237,)
(-2589.754170535237,)
(-2588.35351015234,)
(-2584.541239718808,)
(-2584.541239718808,)
(-2572.59768833689,)
(-2568.898718332554,)
(-2568.898718332554,)
(-2568.898718332554,)
(-2566.3967813076215,)
(-2553.599587263618,)
(-2553.599587263618,)
(-2553.599587263618,)
(-2545.824896545343,)
(-2545.824896545343,)
(-2543.7637886352354,)
(-2540.399417920205,)
(-2538.9357791308435,)
(-2537.886839131565,)
(-2513.039867217048,)
(-2513.039867217048,)
(-2513.039867217048,)
(-2512.0306932404455,)
(-2509.4286332491174,)
(-2509.4286332491174,)
(-2509.4286332491174,)
(-2509.4286332491174,)
(-2509.4286332491174,)
(-2507.9841364479466,)
(-2486.799335534989,)
(-2486.799335534989,)
(-2486.799335534989,)
(-2468.1506391650564,)
(-2468.1506391650564,)
(-2468.1506391650564,)
(-2468.1506391650564,)
(-2461.6326653445294,)
(-2455.394378564221,)
(-2455.394378564221,)
(-2455.394378564221,)
(-2455.394378564221,)
(-2455.394378564221,)
(-2421.6063062454205,)
(-2421.6063062454205,)
(-2421.6063062454205,)
(-2421.6063062454205,)
(-2421.6063062454205,)
(-2421.6063062454205,)
(-2421.6063062454205,)
(-2421.6063062454205,)
(-2421.6063062454205,)
(-2925.974296371035,)
(-2821.6260724572803,)
(-2821.6260724572803,)
(-2787.8290914703643,)
(-2787.8290914703643,)
(-2787.8290914703643,)
(-2778.0187276093234,)
(-2778.0187276093234,)
(-2778.0187276093234,)
(-2778.0187276093234,)
(-2778.0187276093234,)
(-2778.0187276093234,)
(-2739.462832518059,)
(-2739.462832518059,)
(-2739.462832518059,)
(-2732.328929203885,)
(-2732.328929203885,)
(-2715.6208950267805,)
(-2664.975138841085,)
(-2664.975138841085,)
(-2664.975138841085,)
(-2664.975138841085,)
(-2634.3276311096984,)
(-2587.7040803080204,)
(-2587.7040803080204,)
(-2587.7040803080204,)
(-2587.7040803080204,)
(-2587.7040803080204,)
(-2587.7040803080204,)
(-2585.7258444169424,)
(-2585.7258444169424,)
(-2585.7040803080204,)
(-2579.6071702950126,)
(-2579.6071702950126,)
(-2568.844714033156,)
(-2568.844714033156,)
(-2568.844714033156,)
(-2568.844714033156,)
(-2568.844714033156,)
(-2568.844714033156,)
(-2568.844714033156,)
(-2568.844714033156,)
(-2568.844714033156,)
(-2568.844714033156,)
(-2562.024265824321,)
(-2562.024265824321,)
(-2562.024265824321,)
(-2549.3117284471255,)
(-2549.3117284471255,)
(-2549.3117284471255,)
(-2549.3117284471255,)
(-2533.9211778185063,)
(-2525.112473958955,)
(-2525.112473958955,)
(-2525.112473958955,)
(-2525.112473958955,)
(-2525.112473958955,)
(-2525.112473958955,)
(-2525.112473958955,)
(-2525.112473958955,)
(-2525.112473958955,)
(-2525.112473958955,)
(-2522.1952150157686,)
(-2522.1952150157686,)
(-2522.1952150157686,)
(-2522.1952150157686,)
(-2522.1952150157686,)
(-2522.1952150157686,)
(-2517.81958953078,)
(-2506.183855885549,)
(-2506.183855885549,)
(-2506.183855885549,)
(-2504.689574930315,)
(-2503.6438174397545,)
(-2500.4170112608335,)
(-2498.0190712521617,)
(-2492.860708760066,)
(-2492.860708760066,)
(-2487.904531750849,)
(-2483.784988046128,)
(-2483.784988046128,)
(-2483.784988046128,)
(-2483.784988046128,)
(-2479.2528276304383,)
(-2479.2528276304383,)
(-2479.2528276304383,)
(-2479.2528276304383,)
(-2479.2528276304383,)
(-2479.2528276304383,)
(-2476.609567812551,)
(-2476.609567812551,)
(-2475.2621093008474,)
(-2475.2621093008474,)
(-2475.2621093008474,)
(-2470.8641692921747,)
(-2470.8641692921747,)
(-2470.8641692921747,)
(-2470.8641692921747,)
(-2469.621230522145,)
(-2469.621230522145,)
(-3026.717375876326,)
(-3002.433358399298,)
(-3001.5302684123058,)
(-3001.5302684123058,)
(-2970.2353821450197,)
(-2962.7435829038122,)
(-2962.7435829038122,)
(-2923.259043093597,)
(-2903.7396220797964,)
(-2903.7396220797964,)
(-2903.7396220797964,)
(-2872.8665500651196,)
(-2870.5970093251653,)
(-2870.5970093251653,)
(-2860.608193069317,)
(-2857.06086612578,)
(-2836.0743024780304,)
(-2833.4087562291825,)
(-2821.4843050449754,)
(-2812.8822450536472,)
(-2812.8822450536472,)
(-2812.8822450536472,)
(-2812.8822450536472,)
(-2804.779275489507,)
(-2804.779275489507,)
(-2756.1798057389974,)
(-2708.8336455259887,)
(-2708.8336455259887,)
(-2708.8336455259887,)
(-2696.009736785044,)
(-2696.009736785044,)
(-2665.5868327616317,)
(-2665.5868327616317,)
(-2665.5868327616317,)
(-2665.5868327616317,)
(-2643.1637699499297,)
(-2643.1637699499297,)
(-2643.1637699499297,)
(-2643.1637699499297,)
(-2643.1637699499297,)
(-2643.1637699499297,)
(-2635.456355887409,)
(-2635.456355887409,)
(-2597.3529616393407,)
(-2597.3529616393407,)
(-2594.4498716523485,)
(-2577.275224785937,)
(-2577.275224785937,)
(-2577.275224785937,)
(-2577.275224785937,)
(-2577.275224785937,)
(-2577.275224785937,)
(-2577.275224785937,)
(-2577.275224785937,)
(-2576.576254781601,)
(-2575.8777748843986,)
(-2572.965210955833,)
(-2572.965210955833,)
(-2572.965210955833,)
(-2572.965210955833,)
(-2557.6998832698046,)
(-2557.6998832698046,)
(-2557.6998832698046,)
(-2557.6998832698046,)
(-2555.7225169615176,)
(-2555.7225169615176,)
(-2545.5047013749363,)
(-2545.5047013749363,)
(-2544.0289419890687,)
(-2544.0289419890687,)
(-2544.0289419890687,)
(-2536.7279119934046,)
(-2515.842498268822,)
(-2515.842498268822,)
(-2515.842498268822,)
(-2515.842498268822,)
(-2514.7180827789516,)
(-2514.2463565561184,)
(-2514.2463565561184,)
(-2514.2463565561184,)
(-2514.2463565561184,)
(-2514.2463565561184,)
(-2514.2463565561184,)
(-2514.2463565561184,)
(-2508.195204033671,)
(-2508.195204033671,)
(-2508.195204033671,)
(-2508.195204033671,)
(-2508.195204033671,)
(-2508.195204033671,)
(-2505.797264024998,)
(-2505.797264024998,)
(-2505.797264024998,)
(-2505.797264024998,)
(-2503.637357861603,)
(-2503.637357861603,)
(-2503.637357861603,)
(-2503.637357861603,)
(-2493.6101686442207,)
(-2493.6101686442207,)
(-2896.1857966298603,)
(-2896.1857966298603,)
(-2895.5148553491254,)
(-2895.5148553491254,)
(-2771.2997091076654,)
(-2755.2736316387072,)
(-2755.2736316387072,)
(-2746.255264001018,)
(-2746.255264001018,)
(-2746.255264001018,)
(-2746.255264001018,)
(-2746.255264001018,)
(-2731.9311386431204,)
(-2731.9311386431204,)
(-2731.9311386431204,)
(-2731.9311386431204,)
(-2731.9311386431204,)
(-2710.6513001811513,)
(-2710.003482699263,)
(-2710.003482699263,)
(-2710.003482699263,)
(-2695.5175875202353,)
(-2695.5175875202353,)
(-2695.5175875202353,)
(-2694.693678779291,)
(-2694.693678779291,)
(-2681.286929980729,)
(-2681.286929980729,)
(-2681.286929980729,)
(-2681.286929980729,)
(-2681.286929980729,)
(-2666.5865275722413,)
(-2666.5865275722413,)
(-2666.5865275722413,)
(-2666.5865275722413,)
(-2665.628675311039,)
(-2664.531765298031,)
(-2664.531765298031,)
(-2641.572229225765,)
(-2641.572229225765,)
(-2641.0632442150736,)
(-2618.1037081428076,)
(-2618.1037081428076,)
(-2618.1037081428076,)
(-2618.1037081428076,)
(-2605.3942900820184,)
(-2605.3942900820184,)
(-2605.3942900820184,)
(-2601.957842665164,)
(-2601.7202989270213,)
(-2601.7202989270213,)
(-2600.9383581263683,)
(-2599.716509376752,)
(-2599.716509376752,)
(-2599.716509376752,)
(-2599.716509376752,)
(-2596.6902364249877,)
(-2577.719178747619,)
(-2576.1877702686093,)
(-2566.2728118775194,)
(-2563.4580388975737,)
(-2535.4264537739414,)
(-2535.4264537739414,)
(-2535.4264537739414,)
(-2535.4264537739414,)
(-2532.9371333407403,)
(-2532.9371333407403,)
(-2532.676331247158,)
(-2532.130953366757,)
(-2531.3716890025335,)
(-2527.65305573146,)
(-2527.65305573146,)
(-2525.8048656787805,)
(-2524.0089856614363,)
(-2524.0089856614363,)
(-2515.380024672927,)
(-2499.1908446701373,)
(-2494.5356976565854,)
(-2491.2346676609213,)
(-2491.2346676609213,)
(-2491.2346676609213,)
(-2491.2346676609213,)
(-2487.761646968111,)
(-2481.7828362671803,)
(-2481.7828362671803,)
(-2473.480544709729,)
(-2454.5883440651673,)
(-2445.4353766049594,)
(-2445.384224082512,)
(-2445.384224082512,)
(-2445.384224082512,)
(-2445.384224082512,)
(-2441.826377910446,)
(-2441.826377910446,)
(-2441.826377910446,)
(-2441.826377910446,)
(-2441.826377910446,)
(-2441.199160341835,)
(-2441.199160341835,)
(-2441.199160341835,)
(-2960.989200773537,)
(-2940.634984476992,)
(-2940.634984476992,)
(-2940.634984476992,)
(-2940.634984476992,)
(-2938.936014472656,)
(-2938.936014472656,)
(-2938.936014472656,)
(-2933.791336465034,)
(-2933.791336465034,)
(-2933.791336465034,)
(-2907.6066322845645,)
(-2895.005452515249,)
(-2860.408319242205,)
(-2855.6636233791587,)
(-2841.696146112424,)
(-2717.533240339845,)
(-2717.533240339845,)
(-2717.533240339845,)
(-2697.6125032255823,)
(-2697.6125032255823,)
(-2697.6125032255823,)
(-2697.6125032255823,)
(-2697.6125032255823,)
(-2697.6125032255823,)
(-2697.6125032255823,)
(-2685.1988329504475,)
(-2681.908102911424,)
(-2681.908102911424,)
(-2681.908102911424,)
(-2681.908102911424,)
(-2681.908102911424,)
(-2681.908102911424,)
(-2679.995045812697,)
(-2679.995045812697,)
(-2679.995045812697,)
(-2679.995045812697,)
(-2679.995045812697,)
(-2679.995045812697,)
(-2679.995045812697,)
(-2679.995045812697,)
(-2679.3472283308083,)
(-2667.1666210067606,)
(-2667.1666210067606,)
(-2667.1666210067606,)
(-2667.1666210067606,)
(-2666.8504438093505,)
(-2666.8504438093505,)
(-2666.8504438093505,)
(-2666.8504438093505,)
(-2666.8504438093505,)
(-2661.1004172938137,)
(-2659.7659635426635,)
(-2659.7659635426635,)
(-2651.7461049310227,)
(-2651.7461049310227,)
(-2651.7461049310227,)
(-2646.7127772417816,)
(-2641.869009889197,)
(-2641.869009889197,)
(-2641.6247227927697,)
(-2641.6247227927697,)
(-2640.3506652089964,)
(-2626.483620462057,)
(-2599.9244911561955,)
(-2596.70264240658,)
(-2596.70264240658,)
(-2592.6234611605314,)
(-2592.6234611605314,)
(-2592.6234611605314,)
(-2592.6234611605314,)
(-2592.6234611605314,)
(-2592.6234611605314,)
(-2592.6234611605314,)
(-2578.800939943074,)
(-2578.800939943074,)
(-2578.101969938738,)
(-2578.101969938738,)
(-2567.9148832953806,)
(-2567.9148832953806,)
(-2567.9148832953806,)
(-2567.9148832953806,)
(-2560.5680730932754,)
(-2557.65179520515,)
(-2557.65179520515,)
(-2557.65179520515,)
(-2546.9278561756864,)
(-2546.9278561756864,)
(-2546.9278561756864,)
(-2544.5246022214096,)
(-2544.5246022214096,)
(-2521.8132173957183,)
(-2521.8132173957183,)
(-2521.8132173957183,)
(-2513.068112440243,)
(-2508.890560153235,)
(-2498.239811628391,)
(-2498.239811628391,)
(-2498.239811628391,)
(-2498.239811628391,)
(-2913.19907431553,)
(-2913.19907431553,)
(-2911.3751655745855,)
(-2832.424901345528,)
(-2832.424901345528,)
(-2832.424901345528,)
(-2832.424901345528,)
(-2806.200975091411,)
(-2783.9036585155186,)
(-2779.407651061412,)
(-2768.5089981206106,)
(-2768.5089981206106,)
(-2741.357954555898,)
(-2741.357954555898,)
(-2741.357954555898,)
(-2735.683814847097,)
(-2735.683814847097,)
(-2695.671932458547,)
(-2695.671932458547,)
(-2695.671932458547,)
(-2691.4107203663625,)
(-2677.423380660191,)
(-2668.673255943163,)
(-2662.1715664969524,)
(-2635.9285083928557,)
(-2612.067186940878,)
(-2612.067186940878,)
(-2612.067186940878,)
(-2612.067186940878,)
(-2590.830134399331,)
(-2590.830134399331,)
(-2590.830134399331,)
(-2590.830134399331,)
(-2590.830134399331,)
(-2582.7249210180285,)
(-2566.931156418807,)
(-2566.931156418807,)
(-2566.931156418807,)
(-2566.931156418807,)
(-2548.1623873126305,)
(-2544.8613573169664,)
(-2544.8613573169664,)
(-2544.8613573169664,)
(-2544.8613573169664,)
(-2544.8613573169664,)
(-2536.1775790586294,)
(-2516.363215635591,)
(-2516.363215635591,)
(-2516.363215635591,)
(-2516.363215635591,)
(-2516.363215635591,)
(-2516.363215635591,)
(-2510.838906352472,)
(-2506.0729895585055,)
(-2506.0729895585055,)
(-2506.0729895585055,)
(-2506.0729895585055,)
(-2506.0729895585055,)
(-2506.0729895585055,)
(-2506.0729895585055,)
(-2505.9657795888575,)
(-2505.9657795888575,)
(-2505.9657795888575,)
(-2484.916112112343,)
(-2484.916112112343,)
(-2464.814215534893,)
(-2464.814215534893,)
(-2464.814215534893,)
(-2464.814215534893,)
(-2464.814215534893,)
(-2464.814215534893,)
(-2464.814215534893,)
(-2464.814215534893,)
(-2464.814215534893,)
(-2455.891462281163,)
(-2454.3685835358824,)
(-2454.3685835358824,)
(-2454.3685835358824,)
(-2454.3685835358824,)
(-2454.3685835358824,)
(-2454.3685835358824,)
(-2454.3685835358824,)
(-2454.3685835358824,)
(-2454.3685835358824,)
(-2454.3685835358824,)
(-2454.3685835358824,)
(-2445.591649129043,)
(-2432.637860689154,)
(-2430.9718603707543,)
(-2430.9718603707543,)
(-2426.4478930523733,)
(-2426.4478930523733,)
(-2426.4478930523733,)
(-2426.4478930523733,)
(-2426.4478930523733,)
(-2425.8000755704848,)
(-2425.8000755704848,)
(-2425.7489230480373,)
(-2425.7489230480373,)
(-2425.3876047689287,)
