(-3108.3519563396835,)
(-3052.2008576310113,)
(-3008.139498230052,)
(-2953.4397371036785,)
(-2946.4982011965776,)
(-2849.863254418722,)
(-2825.986957200676,)
(-2733.5595787646716,)
(-2727.3376307363988,)
(-2674.6635091205553,)
(-2644.579369331685,)
(-2643.7979384675364,)
(-2594.7821828447404,)
(-2573.1950304862703,)
(-2561.973905410036,)
(-2525.0428213899445,)
(-2520.8032438733676,)
(-2510.197185866266,)
(-2484.9050701357596,)
(-2484.9050701357596,)
(-2458.4550303064457,)
(-2452.721041647302,)
(-2446.7945342362254,)
(-2444.2487482749134,)
(-2431.015155176013,)
(-2427.3155409916953,)
(-2414.6491664551386,)
(-2414.6491664551386,)
(-2410.0434113307933,)
(-2400.7922703832783,)
(-2397.7031554334044,)
(-2383.85121796886,)
(-2383.85121796886,)
(-2376.697791315395,)
(-2376.697791315395,)
(-2372.794701328403,)
(-2362.9001422829933,)
(-2360.298082291665,)
(-2355.724885585174,)
(-2346.0900631289264,)
(-2346.0900631289264,)
(-2343.4271886312677,)
(-2339.4880031375988,)
(-2337.6635351913924,)
(-2324.381754296307,)
(-2320.008091675083,)
(-2320.008091675083,)
(-2315.377782398372,)
(-2311.4137918100632,)
(-2299.1670202152864,)
(-2298.4680502109495,)
(-2293.302868227053,)
(-2289.4453408159516,)
(-2287.4174930106965,)
(-2281.271854039632,)
(-2277.901836510279,)
(-2275.1340914608163,)
(-2273.465674065648,)
(-2270.668903503562,)
(-2268.776233713816,)
(-2263.6591742512237,)
(-2260.880354317306,)
(-2254.7515452817197,)
(-2249.371334040008,)
(-2248.7220462367186,)
(-2247.5188331184304,)
(-2244.9167731271023,)
(-2242.8197265538624,)
(-2241.296847808582,)
(-2241.296847808582,)
(-2240.597877804246,)
(-2238.9741643354714,)
(-2238.9598331056304,)
(-2237.184553001566,)
(-2237.184553001566,)
(-2235.6616742562856,)
(-2235.2688190849817,)
(-2232.08725944414,)
(-2229.3125057308753,)
(-2229.3125057308753,)
(-2224.078513899442,)
(-2224.078513899442,)
(-2223.601392644722,)
(-2222.1754239124502,)
(-2221.981603886434,)
(-2221.4764539081143,)
(-2219.3692439384663,)
(-2217.272333925458,)
(-2217.272333925458,)
(-2216.6245164435695,)
(-2216.573363921122,)
(-2214.9713039297944,)
(-2213.2723339254585,)
(-2212.573363921122,)
(-2212.078513899442,)
(-2211.184127549887,)
(-2210.0764801210084,)
(-2209.9882737454373,)
(-2208.894993830066,)
(-2207.017061420355,)
