(-3022.6935465414927,)

(-2984.19554675754,)

(-3003.432564404171,)

(-2873.9428820407784,)

(-2948.126042367167,)

(-2845.903393695011,)

(-2807.0021745520944,)

(-2816.7831739071853,)

(-2743.1539556380058,)

(-2778.29447261121,)

(-2698.283058130369,)

(-2734.8745662329848,)

(-2659.409750760123,)

(-2682.4947461500733,)

(-2626.1274212631256,)

(-2664.609037669289,)

(-2603.397128932922,)

(-2630.7741105258847,)

(-2570.0901045494234,)

(-2608.661153565922,)

(-2545.500802631376,)

(-2606.087122298195,)

(-2501.5743018853204,)

(-2588.19080685091,)

(-2486.736945744007,)

(-2556.2877893858595,)

(-2479.400458214422,)

(-2533.781732375499,)

(-2470.595853941891,)

(-2525.6809710019043,)

(-2447.488380718058,)

(-2505.165617776489,)

(-2444.5271995054322,)

(-2485.363126027066,)

(-2426.3601077070957,)

(-2475.648542673892,)

(-2417.51531885587,)

(-2452.019565506702,)

(-2405.738888530798,)

(-2426.5136926750656,)

(-2391.1471284961103,)

(-2419.9829371625738,)

(-2373.362469095255,)

(-2407.622623643266,)

(-2358.7486971278927,)

(-2406.9059248719695,)

(-2353.0797896255904,)

(-2395.9889862104374,)

(-2349.2839096082457,)

(-2389.7337583234003,)

(-2343.9371221220213,)

(-2370.8975158473822,)

(-2338.588927873902,)

(-2363.0946971268513,)

(-2335.618820810409,)

(-2355.2801548182106,)

(-2329.8651384728605,)

(-2344.0724283940344,)

(-2313.0023059354403,)

(-2335.7485286777664,)

(-2308.1751992204204,)

(-2328.8189359995067,)

(-2302.965865124223,)

(-2325.1544177718006,)

(-2298.075190511994,)

(-2319.3271477774033,)

(-2293.595472021807,)

(-2315.1333277513877,)

(-2288.306268015116,)

(-2308.2690565517687,)

(-2279.796213112042,)

(-2304.57548157932,)

(-2273.1307661418496,)

(-2300.097654021184,)

(-2269.9140498660863,)

(-2297.3248978026877,)

(-2259.6553984685615,)

(-2292.972715284576,)

(-2252.609640978001,)

(-2292.0149129643705,)

(-2250.1831821385954,)

(-2285.214128022274,)

(-2246.3316065107415,)

(-2285.214128022274,)

(-2243.8190277221,)

(-2283.543186741538,)

(-2240.3454105672154,)

(-2282.4775500569594,)

(-2275.6816700396157,)

(-2239.840260588896,)

(-2270.760851285663,)

(-2236.500525500361,)

(-2268.0159428724214,)

(-2231.9599179881207,)

(-2263.8959090605663,)

(-2228.312100506231,)

(-2259.7975546549146,)

(-2222.613896906441,)

(-2257.9542162134812,)

(-2219.721106876089,)

(-2257.0333974595296,)

(-2218.1013181178005,)

(-2253.6187822480633,)

(-2216.716201951336,)

(-2251.5730247575025,)

(-2216.3359907096246,)

(-2248.203329399711,)

(-2214.7619594418966,)

(-2247.1521768772636,)

(-2213.7920219439306,)

(-2245.004604448942,)

(-2211.1156856313078,)

(-2242.413162280988,)

(-2211.06453310886,)

(-2240.9257410696287,)

(-2209.06453310886,)

(-2238.932116315783,)

(-2205.228290632842,)

(-2237.1465362550784,)

(-2204.361445962782,)

(-2233.8267768451915,)

(-2198.968900985997,)

(-2233.252745577464,)

(-2196.099234754492,)

(-2227.7686856195573,)

(-2195.0023247414842,)

(-2225.285115768784,)

(-2194.076110955645,)

(-2223.188205755776,)

(-2193.4282934737566,)

(-2219.2251893220287,)

(-2189.859657237915,)

(-2218.753463099196,)

(-2189.074077177211,)

(-2217.0722218618203,)

(-2189.074077177211,)

(-2211.939854314892,)

(-2186.8188046721084,)

(-2209.936493061439,)

(-2185.926014641756,)

(-2209.2321280252154,)

(-2184.9800383105226,)

