(-2707.1664038526574,)
(-2707.1664038526574,)
(-2707.1664038526574,)
(-2707.1664038526574,)
(-2707.1664038526574,)
(-2707.1664038526574,)
(-2707.1664038526574,)
(-2699.3046724532614,)
(-2695.526194375122,)
(-2695.526194375122,)
(-2668.712015735427,)
(-2664.171507501843,)
(-2664.171507501843,)
(-2664.171507501843,)
(-2664.171507501843,)
(-2656.1809473545386,)
(-2636.815556631898,)
(-2609.4433657652235,)
(-2609.4433657652235,)
(-2609.4433657652235,)
(-2607.971639542391,)
(-2575.0398677798667,)
(-2575.0398677798667,)
(-2567.7108090606025,)
(-2567.7108090606025,)
(-2567.7108090606025,)
(-2536.359344695371,)
(-2536.359344695371,)
(-2525.700100636518,)
(-2523.7212938373195,)
(-2506.5688597099124,)
(-2506.4439209733046,)
(-2506.4439209733046,)
(-2493.4118246928365,)
(-2488.3837959692364,)
(-2488.3837959692364,)
(-2488.3837959692364,)
(-2488.3837959692364,)
(-2488.3837959692364,)
(-2488.3837959692364,)
(-2487.6848259649005,)
(-2487.6848259649005,)
(-2487.6848259649005,)
(-2487.6848259649005,)
(-2487.6848259649005,)
(-2487.2635677126063,)
(-2487.2635677126063,)
(-2487.2635677126063,)
(-2487.2635677126063,)
(-2487.2635677126063,)
(-2487.2635677126063,)
(-2487.2635677126063,)
(-2483.9625377169423,)
(-2478.7952027432266,)
(-2478.7952027432266,)
(-2478.7952027432266,)
(-2478.7952027432266,)
(-2472.615750230718,)
(-2468.916780226382,)
(-2458.369432568268,)
(-2458.369432568268,)
(-2458.369432568268,)
(-2449.9714925595963,)
(-2449.9714925595963,)
(-2449.9714925595963,)
(-2449.9714925595963,)
(-2449.9714925595963,)
(-2449.9714925595963,)
(-2449.9714925595963,)
(-2449.9714925595963,)
(-2449.9714925595963,)
(-2429.229088837101,)
(-2429.229088837101,)
(-2429.229088837101,)
(-2429.229088837101,)
(-2429.229088837101,)
(-2427.831148828429,)
(-2427.2736344214345,)
(-2418.1029381942644,)
(-2418.1029381942644,)
(-2418.1029381942644,)
(-2403.9177837440197,)
(-2403.9177837440197,)
(-2403.218813739684,)
(-2403.218813739684,)
(-2403.218813739684,)
(-2390.7136637613644,)
(-2390.7136637613644,)
(-2390.7136637613644,)
(-2390.7136637613644,)
(-2390.7136637613644,)
(-2390.7136637613644,)
(-2390.7136637613644,)
(-2390.7136637613644,)
(-2390.7136637613644,)
(-2390.7136637613644,)
(-2382.378477531006,)
(-2377.435221732817,)
(-2377.435221732817,)
(-2377.435221732817,)
(-2876.5909788509043,)
(-2876.5909788509043,)
(-2872.335507788487,)
(-2872.335507788487,)
(-2872.335507788487,)
(-2870.7188508131735,)
(-2870.7188508131735,)
(-2748.493393234873,)
(-2746.0216670120403,)
(-2746.0216670120403,)
(-2742.389388405101,)
(-2729.2924783920926,)
(-2729.2924783920926,)
(-2729.2924783920926,)
(-2725.9098425434704,)
(-2711.932938999212,)
(-2687.2315399880263,)
(-2680.6863797647216,)
(-2680.6863797647216,)
(-2680.6863797647216,)
(-2680.6863797647216,)
(-2671.251241209645,)
(-2671.251241209645,)
(-2637.9663729618833,)
(-2637.9663729618833,)
(-2637.9663729618833,)
(-2637.9663729618833,)
(-2637.9663729618833,)
(-2607.106781795632,)
(-2605.6576892645126,)
(-2583.179707621327,)
(-2583.179707621327,)
(-2557.658372522774,)
(-2557.658372522774,)
(-2557.658372522774,)
(-2557.658372522774,)
(-2557.658372522774,)
(-2551.663966111974,)
(-2550.964996107638,)
(-2550.964996107638,)
(-2550.964996107638,)
(-2550.964996107638,)
(-2550.964996107638,)
(-2550.964996107638,)
(-2550.964996107638,)
(-2525.31618701643,)
(-2520.5440737210442,)
(-2520.5440737210442,)
(-2520.5440737210442,)
(-2520.5440737210442,)
(-2517.6232549670917,)
(-2517.6232549670917,)
(-2517.6232549670917,)
(-2517.6232549670917,)
(-2517.6232549670917,)
(-2511.711118750323,)
(-2511.106589535672,)
(-2511.106589535672,)
(-2511.106589535672,)
(-2510.472683122008,)
(-2485.316186189903,)
(-2485.316186189903,)
(-2485.316186189903,)
(-2485.316186189903,)
(-2485.316186189903,)
(-2485.316186189903,)
(-2485.316186189903,)
(-2485.316186189903,)
(-2485.316186189903,)
(-2485.2423999757416,)
(-2484.5434299714057,)
(-2484.5434299714057,)
(-2484.5434299714057,)
(-2475.3953674359504,)
(-2470.747549954062,)
(-2470.747549954062,)
(-2470.747549954062,)
(-2470.747549954062,)
(-2470.747549954062,)
(-2451.0850092153537,)
(-2443.500677990985,)
(-2443.500677990985,)
(-2443.500677990985,)
(-2443.500677990985,)
(-2443.500677990985,)
(-2443.500677990985,)
(-2443.500677990985,)
(-2443.500677990985,)
(-2443.4713984791183,)
(-2443.1125478318195,)
(-2441.2911629764426,)
(-2440.1150717173873,)
(-2440.1150717173873,)
(-2440.1150717173873,)
(-2440.1150717173873,)
(-2440.1150717173873,)
(-2440.1150717173873,)
(-2426.4004067245255,)
(-2422.877527979245,)
(-2422.877527979245,)
(-2822.118415702777,)
(-2822.118415702777,)
(-2822.118415702777,)
(-2822.118415702777,)
(-2807.383498057386,)
(-2807.383498057386,)
(-2796.565573734119,)
(-2796.565573734119,)
(-2796.565573734119,)
(-2796.565573734119,)
(-2796.565573734119,)
(-2796.565573734119,)
(-2788.167633725447,)
(-2788.167633725447,)
(-2743.803514525866,)
(-2743.803514525866,)
(-2743.803514525866,)
(-2719.1257338206,)
(-2719.1257338206,)
(-2719.1257338206,)
(-2719.1257338206,)
(-2719.1257338206,)
(-2719.1257338206,)
(-2719.1257338206,)
(-2702.6640320608135,)
(-2702.6640320608135,)
(-2692.662050786931,)
(-2692.662050786931,)
(-2684.295255774476,)
(-2684.295255774476,)
(-2684.295255774476,)
(-2673.827462551918,)
(-2652.000844938264,)
(-2652.000844938264,)
(-2652.000844938264,)
(-2651.824753679208,)
(-2607.96862856869,)
(-2607.96862856869,)
(-2607.96862856869,)
(-2607.96862856869,)
(-2607.96862856869,)
(-2550.892899590151,)
(-2550.892899590151,)
(-2550.892899590151,)
(-2550.892899590151,)
(-2550.892899590151,)
(-2550.892899590151,)
(-2550.5404352818714,)
(-2549.892617799983,)
(-2549.892617799983,)
(-2548.6376270850474,)
(-2548.6376270850474,)
(-2546.9807538886844,)
(-2546.9807538886844,)
(-2546.9807538886844,)
(-2546.1568451477397,)
(-2546.1568451477397,)
(-2517.0088202118754,)
(-2508.2572156928577,)
(-2505.859275684186,)
(-2505.859275684186,)
(-2505.859275684186,)
(-2505.859275684186,)
(-2498.023755839028,)
(-2496.4129219233932,)
(-2496.4129219233932,)
(-2487.3617694009454,)
(-2487.3617694009454,)
(-2485.9550554679668,)
(-2485.9550554679668,)
(-2478.445235020559,)
(-2478.445235020559,)
(-2478.445235020559,)
(-2478.445235020559,)
(-2478.445235020559,)
(-2476.3719099217456,)
(-2473.724092439857,)
(-2473.724092439857,)
(-2473.724092439857,)
(-2473.724092439857,)
(-2473.724092439857,)
(-2473.724092439857,)
(-2471.8263974847523,)
(-2471.8263974847523,)
(-2460.3173785068775,)
(-2458.6184085025416,)
(-2458.6184085025416,)
(-2458.6184085025416,)
(-2458.6184085025416,)
(-2458.6184085025416,)
(-2458.6184085025416,)
(-2458.6184085025416,)
(-2458.6184085025416,)
(-2455.2981237075846,)
(-2455.2981237075846,)
(-2455.2981237075846,)
(-2455.2981237075846,)
(-2453.446846820012,)
(-2448.5849847470545,)
(-2446.126838094625,)
(-2805.4322318519444,)
(-2777.50859196389,)
(-2776.809621959554,)
(-2776.809621959554,)
(-2774.1440757107043,)
(-2774.1440757107043,)
(-2774.1440757107043,)
(-2774.1440757107043,)
(-2774.1440757107043,)
(-2774.1440757107043,)
(-2751.531229152426,)
(-2751.531229152426,)
(-2715.5546766634116,)
(-2684.4482766210986,)
(-2684.4482766210986,)
(-2684.4482766210986,)
(-2684.4482766210986,)
(-2681.415155656061,)
(-2666.3748469939396,)
(-2666.3748469939396,)
(-2643.4620871220654,)
(-2597.3572081793864,)
(-2597.3572081793864,)
(-2597.3572081793864,)
(-2590.921479609825,)
(-2590.921479609825,)
(-2590.921479609825,)
(-2590.921479609825,)
(-2590.921479609825,)
(-2590.921479609825,)
(-2590.921479609825,)
(-2590.921479609825,)
(-2590.921479609825,)
(-2590.921479609825,)
(-2590.921479609825,)
(-2590.921479609825,)
(-2590.921479609825,)
(-2590.921479609825,)
(-2590.921479609825,)
(-2590.09757086888,)
(-2590.09757086888,)
(-2590.09757086888,)
(-2563.3484785685814,)
(-2563.3484785685814,)
(-2563.3484785685814,)
(-2563.3484785685814,)
(-2563.3484785685814,)
(-2562.2515685555736,)
(-2562.2515685555736,)
(-2542.058595933693,)
(-2542.058595933693,)
(-2542.058595933693,)
(-2536.9951096761724,)
(-2536.9951096761724,)
(-2536.9951096761724,)
(-2525.878444624861,)
(-2525.878444624861,)
(-2525.878444624861,)
(-2525.878444624861,)
(-2519.7776656122987,)
(-2519.7776656122987,)
(-2519.7776656122987,)
(-2519.7776656122987,)
(-2519.7776656122987,)
(-2519.7776656122987,)
(-2519.7776656122987,)
(-2519.7776656122987,)
(-2519.7776656122987,)
(-2519.7776656122987,)
(-2519.7776656122987,)
(-2519.7776656122987,)
(-2519.741172153179,)
(-2512.0930454825025,)
(-2512.0930454825025,)
(-2512.0930454825025,)
(-2512.0930454825025,)
(-2512.0930454825025,)
(-2512.0930454825025,)
(-2512.0930454825025,)
(-2505.9250604232766,)
(-2505.9250604232766,)
(-2505.9250604232766,)
(-2505.9250604232766,)
(-2505.9250604232766,)
(-2505.9250604232766,)
(-2505.9250604232766,)
(-2490.1326409380417,)
(-2490.1326409380417,)
(-2490.1326409380417,)
(-2490.1326409380417,)
(-2490.1326409380417,)
(-2488.002307169547,)
(-2477.5567940147216,)
(-2477.5567940147216,)
(-2477.5567940147216,)
(-2469.463344533823,)
(-2469.463344533823,)
(-2469.463344533823,)
(-2468.588283270431,)
(-2468.588283270431,)
(-2870.943818332418,)
(-2852.1055317041746,)
(-2852.1055317041746,)
(-2811.3210604712754,)
(-2811.3210604712754,)
(-2810.5287792195213,)
(-2751.1022493751766,)
(-2729.7947930924925,)
(-2729.7947930924925,)
(-2729.7947930924925,)
(-2729.7947930924925,)
(-2726.6511009569585,)
(-2714.3808484586225,)
(-2711.696211137741,)
(-2711.2422136818686,)
(-2707.357932535529,)
(-2703.8946710482146,)
(-2680.592478891287,)
(-2680.592478891287,)
(-2680.592478891287,)
(-2680.592478891287,)
(-2666.4594464075717,)
(-2644.4648414394587,)
(-2644.4648414394587,)
(-2641.8862464063336,)
(-2634.9899471196663,)
(-2634.9899471196663,)
(-2634.9899471196663,)
(-2634.9899471196663,)
(-2625.037769473898,)
(-2625.037769473898,)
(-2625.037769473898,)
(-2617.5036667512477,)
(-2604.263933121093,)
(-2604.263933121093,)
(-2604.263933121093,)
(-2604.263933121093,)
(-2600.5649631167566,)
(-2599.7745775649255,)
(-2587.147949382106,)
(-2587.147949382106,)
(-2523.769968903742,)
(-2519.51078495727,)
(-2519.181907156351,)
(-2519.181907156351,)
(-2514.4956388490364,)
(-2514.4956388490364,)
(-2514.4956388490364,)
(-2504.534089674462,)
(-2504.534089674462,)
(-2492.435092225489,)
(-2489.310153488881,)
(-2489.310153488881,)
(-2475.8201187362993,)
(-2475.8201187362993,)
(-2463.3763069451547,)
(-2457.609999322711,)
(-2457.609999322711,)
(-2457.609999322711,)
(-2457.609999322711,)
(-2455.814333755188,)
(-2452.7685762646265,)
(-2452.7685762646265,)
(-2452.7685762646265,)
(-2451.439303095542,)
(-2444.9906945595935,)
(-2444.2917245552576,)
(-2433.9789070558327,)
(-2432.200755805449,)
(-2432.200755805449,)
(-2432.200755805449,)
(-2421.27723488327,)
(-2421.27723488327,)
(-2421.27723488327,)
(-2419.7543561379894,)
(-2419.7543561379894,)
(-2419.611688634421,)
(-2418.708598647429,)
(-2418.708598647429,)
(-2418.708598647429,)
(-2418.231477392709,)
(-2418.231477392709,)
(-2418.231477392709,)
(-2417.1857199021483,)
(-2413.3653709719706,)
(-2411.84249222669,)
(-2411.84249222669,)
(-2411.84249222669,)
(-2411.84249222669,)
(-2411.84249222669,)
(-2403.162167879076,)
(-2388.05648394176,)
(-2388.05648394176,)
(-2388.05648394176,)
(-2388.05648394176,)
(-2388.05648394176,)
(-2388.05648394176,)
(-2387.207219653657,)
(-2384.252778586904,)
(-2371.0054890695387,)
(-2948.9045765570922,)
(-2925.73908377852,)
(-2925.73908377852,)
(-2911.509506418815,)
(-2911.509506418815,)
(-2884.916954653189,)
(-2884.916954653189,)
(-2883.8711971626285,)
(-2883.8711971626285,)
(-2881.9319178360543,)
(-2848.482559199053,)
(-2848.482559199053,)
(-2838.653297763947,)
(-2763.4999650510645,)
(-2763.4999650510645,)
(-2763.4999650510645,)
(-2740.6425332759763,)
(-2740.6425332759763,)
(-2740.6425332759763,)
(-2740.6425332759763,)
(-2740.6425332759763,)
(-2735.6566429644045,)
(-2735.6566429644045,)
(-2735.6566429644045,)
(-2729.4379320539233,)
(-2729.4379320539233,)
(-2729.4379320539233,)
(-2727.4099033303232,)
(-2725.99423455469,)
(-2701.9512039391416,)
(-2697.7511876452368,)
(-2697.7511876452368,)
(-2697.7511876452368,)
(-2677.186504789264,)
(-2675.9510735535364,)
(-2668.950877911931,)
(-2657.6359189151813,)
(-2657.6359189151813,)
(-2657.6359189151813,)
(-2644.3940103716354,)
(-2644.3940103716354,)
(-2644.3940103716354,)
(-2639.0079139909035,)
(-2628.161617134789,)
(-2628.161617134789,)
(-2628.161617134789,)
(-2628.161617134789,)
(-2613.4346184068527,)
(-2613.4346184068527,)
(-2613.4346184068527,)
(-2608.8988756344193,)
(-2561.268523224668,)
(-2561.268523224668,)
(-2561.268523224668,)
(-2561.268523224668,)
(-2561.268523224668,)
(-2558.7614387465705,)
(-2557.937530005626,)
(-2557.937530005626,)
(-2544.4747586254466,)
(-2544.4747586254466,)
(-2544.4747586254466,)
(-2544.4747586254466,)
(-2544.4747586254466,)
(-2541.7844632667598,)
(-2529.6243471932344,)
(-2524.0161797266755,)
(-2524.0161797266755,)
(-2517.573280234763,)
(-2517.573280234763,)
(-2517.573280234763,)
(-2512.8530058188994,)
(-2510.8251580136443,)
(-2510.8251580136443,)
(-2510.8251580136443,)
(-2510.8251580136443,)
(-2496.9554917821392,)
(-2496.9554917821392,)
(-2496.9554917821392,)
(-2496.9554917821392,)
(-2483.500485632298,)
(-2483.500485632298,)
(-2483.500485632298,)
(-2477.8472731185225,)
(-2477.8472731185225,)
(-2473.527897266924,)
(-2473.527897266924,)
(-2473.527897266924,)
(-2473.527897266924,)
(-2473.527897266924,)
(-2468.323777284267,)
(-2465.527897266924,)
(-2465.527897266924,)
(-2465.527897266924,)
(-2465.527897266924,)
(-2465.527897266924,)
(-2460.0263514128724,)
(-2460.0263514128724,)
(-2455.360760850521,)
(-2442.9658733784677,)
(-2986.69778454428,)
(-2968.2725499666617,)
(-2961.8424975221956,)
(-2900.4003052175563,)
(-2900.4003052175563,)
(-2900.4003052175563,)
(-2864.4348863092728,)
(-2859.513877652707,)
(-2846.088059275808,)
(-2846.088059275808,)
(-2835.452114393926,)
(-2815.168117737561,)
(-2787.0220681244887,)
(-2785.2114790315995,)
(-2785.2114790315995,)
(-2756.2538127116272,)
(-2756.2538127116272,)
(-2756.2538127116272,)
(-2756.2538127116272,)
(-2756.2538127116272,)
(-2728.652324056176,)
(-2728.652324056176,)
(-2695.5196919209534,)
(-2695.5196919209534,)
(-2695.5196919209534,)
(-2695.5196919209534,)
(-2675.76807709579,)
(-2675.76807709579,)
(-2675.76807709579,)
(-2659.0072158689422,)
(-2654.7277146371157,)
(-2654.7277146371157,)
(-2654.7277146371157,)
(-2652.4791230101205,)
(-2652.4791230101205,)
(-2648.2558074959375,)
(-2648.2558074959375,)
(-2648.2558074959375,)
(-2648.2558074959375,)
(-2632.019967778515,)
(-2626.0156029731124,)
(-2623.0613604636733,)
(-2623.0613604636733,)
(-2623.0613604636733,)
(-2623.0613604636733,)
(-2598.4950531065633,)
(-2598.4950531065633,)
(-2598.4950531065633,)
(-2587.5319381855466,)
(-2583.350352615947,)
(-2583.350352615947,)
(-2583.350352615947,)
(-2581.16764951674,)
(-2581.16764951674,)
(-2580.5093429163153,)
(-2574.0621848849737,)
(-2566.005010266886,)
(-2543.9847188331546,)
(-2537.4988236541276,)
(-2522.612768035317,)
(-2522.612768035317,)
(-2522.612768035317,)
(-2522.612768035317,)
(-2522.612768035317,)
(-2522.612768035317,)
(-2518.5966646149627,)
(-2514.470100531749,)
(-2514.470100531749,)
(-2514.470100531749,)
(-2509.223480443724,)
(-2490.748030133257,)
(-2490.748030133257,)
(-2490.748030133257,)
(-2490.748030133257,)
(-2486.9575451478,)
(-2486.9575451478,)
(-2486.9575451478,)
(-2483.0824838844082,)
(-2479.9117876572395,)
(-2476.1373081018482,)
(-2476.1373081018482,)
(-2476.1373081018482,)
(-2472.4346664025193,)
(-2472.4346664025193,)
(-2472.4346664025193,)
(-2472.4346664025193,)
(-2472.4346664025193,)
(-2451.591783059285,)
(-2451.591783059285,)
(-2451.591783059285,)
(-2451.591783059285,)
(-2451.591783059285,)
(-2451.591783059285,)
(-2451.591783059285,)
(-2451.591783059285,)
(-2435.609085401398,)
(-2432.7130157572815,)
(-2432.7130157572815,)
(-2432.7130157572815,)
(-2432.7130157572815,)
(-2947.6980679978906,)
(-2945.907305233937,)
(-2916.320500126,)
(-2906.626110331586,)
(-2852.6665354552815,)
(-2852.6665354552815,)
(-2849.2228379560484,)
(-2837.327632719131,)
(-2831.270855996104,)
(-2807.2486807840523,)
(-2756.7245743514472,)
(-2756.7245743514472,)
(-2722.7103568901457,)
(-2722.7103568901457,)
(-2720.312416881474,)
(-2670.287483081109,)
(-2670.287483081109,)
(-2670.287483081109,)
(-2655.3273581913973,)
(-2655.3273581913973,)
(-2655.3273581913973,)
(-2645.213089351167,)
(-2645.213089351167,)
(-2644.322333099249,)
(-2619.86964463903,)
(-2619.86964463903,)
(-2619.86964463903,)
(-2619.86964463903,)
(-2618.3133421382627,)
(-2618.3133421382627,)
(-2617.267584647702,)
(-2617.267584647702,)
(-2617.267584647702,)
(-2617.267584647702,)
(-2617.267584647702,)
(-2615.7112821469345,)
(-2615.7112821469345,)
(-2546.3376849954043,)
(-2543.9397449867324,)
(-2543.9397449867324,)
(-2543.9397449867324,)
(-2543.9397449867324,)
(-2543.9397449867324,)
(-2543.9397449867324,)
(-2543.9397449867324,)
(-2543.9397449867324,)
(-2543.9397449867324,)
(-2543.9397449867324,)
(-2535.2708374844306,)
(-2535.2708374844306,)
(-2517.751445199122,)
(-2508.7705027752095,)
(-2508.7705027752095,)
(-2508.7705027752095,)
(-2508.7705027752095,)
(-2508.7705027752095,)
(-2506.5714686356523,)
(-2506.5714686356523,)
(-2506.5714686356523,)
(-2504.4875056208034,)
(-2499.3453769310536,)
(-2499.3453769310536,)
(-2499.3453769310536,)
(-2499.2204381944453,)
(-2496.566765695771,)
(-2496.566765695771,)
(-2496.566765695771,)
(-2495.4121645440778,)
(-2495.4121645440778,)
(-2495.4121645440778,)
(-2495.4121645440778,)
(-2495.4121645440778,)
(-2495.4081827394375,)
(-2495.4081827394375,)
(-2495.4081827394375,)
(-2490.3099367842406,)
(-2490.3099367842406,)
(-2490.3099367842406,)
(-2485.7842489121217,)
(-2485.7842489121217,)
(-2472.109045629744,)
(-2472.109045629744,)
(-2467.372425573364,)
(-2467.372425573364,)
(-2467.372425573364,)
(-2459.92139449567,)
(-2459.92139449567,)
(-2459.222424491334,)
(-2459.222424491334,)
(-2459.222424491334,)
(-2459.222424491334,)
(-2452.261243278708,)
(-2452.261243278708,)
(-2452.261243278708,)
(-2452.261243278708,)
(-2452.261243278708,)
(-2450.863303270036,)
(-2450.863303270036,)
(-2450.863303270036,)
(-2450.863303270036,)
(-2746.774175404478,)
(-2746.774175404478,)
(-2746.774175404478,)
(-2746.774175404478,)
(-2746.774175404478,)
(-2746.774175404478,)
(-2746.774175404478,)
(-2746.774175404478,)
(-2725.2220427826783,)
(-2725.2220427826783,)
(-2725.2220427826783,)
(-2725.2220427826783,)
(-2724.5230727783423,)
(-2724.5230727783423,)
(-2713.9548263064767,)
(-2713.9548263064767,)
(-2693.549167002165,)
(-2693.549167002165,)
(-2686.009880201728,)
(-2667.496860572393,)
(-2667.496860572393,)
(-2653.9434833802175,)
(-2652.1421090523304,)
(-2652.1421090523304,)
(-2652.1421090523304,)
(-2652.1421090523304,)
(-2652.1421090523304,)
(-2652.1421090523304,)
(-2652.1421090523304,)
(-2651.739363397562,)
(-2645.221290298378,)
(-2626.186521428904,)
(-2626.186521428904,)
(-2626.186521428904,)
(-2616.2657026749516,)
(-2616.2657026749516,)
(-2616.2657026749516,)
(-2616.2657026749516,)
(-2616.2657026749516,)
(-2593.143635084663,)
(-2593.143635084663,)
(-2593.143635084663,)
(-2593.143635084663,)
(-2593.143635084663,)
(-2591.3477550673183,)
(-2589.169255771944,)
(-2580.949430821615,)
(-2580.949430821615,)
(-2580.949430821615,)
(-2572.8992332989824,)
(-2572.8992332989824,)
(-2572.8992332989824,)
(-2570.428132401316,)
(-2552.5800902993265,)
(-2552.5800902993265,)
(-2519.3698348711146,)
(-2519.3698348711146,)
(-2500.7989771752796,)
(-2500.7989771752796,)
(-2500.7989771752796,)
(-2500.7989771752796,)
(-2500.7989771752796,)
(-2500.7989771752796,)
(-2500.7989771752796,)
(-2500.7989771752796,)
(-2500.7989771752796,)
(-2498.2437049009973,)
(-2498.2437049009973,)
(-2497.8528555719863,)
(-2493.6847515328222,)
(-2487.051223225754,)
(-2484.3215736304096,)
(-2484.3215736304096,)
(-2484.3215736304096,)
(-2484.3215736304096,)
(-2483.6143651510515,)
(-2482.099724880793,)
(-2481.4716976474824,)
(-2481.4716976474824,)
(-2481.4716976474824,)
(-2480.3467589108745,)
(-2480.3467589108745,)
(-2480.3467589108745,)
(-2480.3467589108745,)
(-2480.3467589108745,)
(-2477.277877621467,)
(-2477.277877621467,)
(-2477.277877621467,)
(-2477.277877621467,)
(-2475.735924995239,)
(-2475.735924995239,)
(-2475.735924995239,)
(-2475.735924995239,)
(-2475.735924995239,)
(-2457.6740640487074,)
(-2457.6740640487074,)
(-2457.6740640487074,)
(-2457.5367099373366,)
(-2457.5367099373366,)
(-2457.5367099373366,)
(-2773.5164196473784,)
(-2773.5164196473784,)
(-2773.5164196473784,)
(-2773.5164196473784,)
(-2773.5164196473784,)
(-2773.5164196473784,)
(-2773.5164196473784,)
(-2773.0691623373796,)
(-2764.3112723525255,)
(-2734.725134959548,)
(-2721.9523787410517,)
(-2721.9523787410517,)
(-2721.9523787410517,)
(-2721.9523787410517,)
(-2718.4472677839703,)
(-2718.4472677839703,)
(-2718.4472677839703,)
(-2633.178858289743,)
(-2630.178858289743,)
(-2630.178858289743,)
(-2630.178858289743,)
(-2630.178858289743,)
(-2630.178858289743,)
(-2630.178858289743,)
(-2630.178858289743,)
(-2630.178858289743,)
(-2630.178858289743,)
(-2630.178858289743,)
(-2623.3926671257705,)
(-2623.3926671257705,)
(-2622.0916371301064,)
(-2617.440970219376,)
(-2617.440970219376,)
(-2593.8459748844266,)
(-2593.8459748844266,)
(-2593.8459748844266,)
(-2574.9000960401518,)
(-2543.86600451797,)
(-2533.0499211145375,)
(-2533.0499211145375,)
(-2533.0499211145375,)
(-2533.0499211145375,)
(-2533.0499211145375,)
(-2533.0499211145375,)
(-2533.0499211145375,)
(-2526.7483020200757,)
(-2480.0691407711593,)
(-2480.0691407711593,)
(-2471.809503460653,)
(-2471.809503460653,)
(-2471.809503460653,)
(-2471.809503460653,)
(-2471.809503460653,)
(-2471.809503460653,)
(-2471.809503460653,)
(-2460.706933827464,)
(-2460.706933827464,)
(-2460.706933827464,)
(-2460.706933827464,)
(-2459.930077391859,)
(-2459.930077391859,)
(-2458.9445592052966,)
(-2455.037287361506,)
(-2455.037287361506,)
(-2447.130372975455,)
(-2447.130372975455,)
(-2447.130372975455,)
(-2437.439133982911,)
(-2437.439133982911,)
(-2437.439133982911,)
(-2434.426310140703,)
(-2434.426310140703,)
(-2434.426310140703,)
(-2434.426310140703,)
(-2434.426310140703,)
(-2434.426310140703,)
(-2434.426310140703,)
(-2434.426310140703,)
(-2434.426310140703,)
(-2434.426310140703,)
(-2434.426310140703,)
(-2434.426310140703,)
(-2434.342223969903,)
(-2427.877436450258,)
(-2425.108903479382,)
(-2424.8316789596965,)
(-2424.8316789596965,)
(-2415.129008579838,)
(-2412.2098239902366,)
(-2401.901184265907,)
(-2401.901184265907,)
(-2401.901184265907,)
(-2401.901184265907,)
(-2401.901184265907,)
(-2395.4317921569327,)
(-2389.7762455292986,)
(-2385.3890955844,)
(-2385.3890955844,)
(-2385.3890955844,)
(-2385.3890955844,)
(-2894.5090570348184,)
(-2864.5784227009153,)
(-2864.5784227009153,)
(-2821.299433859203,)
(-2799.194777601629,)
(-2799.194777601629,)
(-2799.194777601629,)
(-2799.194777601629,)
(-2799.194777601629,)
(-2756.99852313113,)
(-2756.99852313113,)
(-2724.1188759693464,)
(-2723.4199059650105,)
(-2723.4199059650105,)
(-2702.5874723200336,)
(-2697.939654838145,)
(-2697.939654838145,)
(-2691.184097696241,)
(-2675.8516996677904,)
(-2671.0558196504467,)
(-2671.0558196504467,)
(-2618.4794760869763,)
(-2618.4794760869763,)
(-2618.4794760869763,)
(-2618.4794760869763,)
(-2618.4794760869763,)
(-2618.4794760869763,)
(-2618.4794760869763,)
(-2607.1038429422615,)
(-2607.1038429422615,)
(-2577.5559129833537,)
(-2574.467957812998,)
(-2574.467957812998,)
(-2574.467957812998,)
(-2574.467957812998,)
(-2551.9559259346815,)
(-2544.7092536013406,)
(-2544.7092536013406,)
(-2544.7092536013406,)
(-2544.7092536013406,)
(-2544.7092536013406,)
(-2540.2375273785074,)
(-2540.2375273785074,)
(-2540.2375273785074,)
(-2517.4021590153952,)
(-2517.4021590153952,)
(-2517.4021590153952,)
(-2517.4021590153952,)
(-2517.4021590153952,)
(-2517.4021590153952,)
(-2517.4021590153952,)
(-2517.4021590153952,)
(-2476.2646194555655,)
(-2474.7186169114375,)
(-2474.7186169114375,)
(-2474.7186169114375,)
(-2474.7186169114375,)
(-2474.7186169114375,)
(-2474.7186169114375,)
(-2472.1165569201103,)
(-2472.1165569201103,)
(-2472.1165569201103,)
(-2462.507558225595,)
(-2462.507558225595,)
(-2462.507558225595,)
(-2462.507558225595,)
(-2462.507558225595,)
(-2454.568520597548,)
(-2454.568520597548,)
(-2452.432741963433,)
(-2447.3923795047585,)
(-2447.3923795047585,)
(-2447.3923795047585,)
(-2444.9260981475454,)
(-2442.471560750806,)
(-2442.471560750806,)
(-2441.456945822498,)
(-2440.0414579652106,)
(-2440.0414579652106,)
(-2438.158707969149,)
(-2436.9930174124765,)
(-2428.8169261534204,)
(-2428.8169261534204,)
(-2428.8169261534204,)
(-2428.1179561490844,)
(-2425.1765910191725,)
(-2417.9507204540246,)
(-2414.845597800131,)
(-2414.845597800131,)
(-2414.845597800131,)
(-2414.845597800131,)
(-2414.845597800131,)
(-2414.845597800131,)
(-2414.845597800131,)
(-2414.845597800131,)
(-2414.845597800131,)
(-2414.845597800131,)
(-2406.154840436681,)
(-2406.154840436681,)
(-2406.154840436681,)
(-2834.9843714212107,)
(-2811.4847625791067,)
(-2811.4847625791067,)
(-2779.485081150628,)
(-2703.4340500897906,)
(-2698.7882663863356,)
(-2698.7882663863356,)
(-2698.7882663863356,)
(-2694.4802504593245,)
(-2692.923947958557,)
(-2692.923947958557,)
(-2689.2283864358346,)
(-2679.9987200161363,)
(-2679.9987200161363,)
(-2679.9987200161363,)
(-2652.735728932277,)
(-2652.0367589279413,)
(-2652.0367589279413,)
(-2652.0367589279413,)
(-2651.199834320542,)
(-2646.8305302815625,)
(-2632.6985320472304,)
(-2632.6985320472304,)
(-2614.2210236196124,)
(-2614.2210236196124,)
(-2614.2210236196124,)
(-2614.2210236196124,)
(-2614.2210236196124,)
(-2596.428284518039,)
(-2584.6580626126606,)
(-2539.4952313076697,)
(-2539.4952313076697,)
(-2539.4952313076697,)
(-2539.4952313076697,)
(-2525.150746921128,)
(-2525.150746921128,)
(-2525.150746921128,)
(-2525.150746921128,)
(-2525.150746921128,)
(-2525.150746921128,)
(-2525.150746921128,)
(-2525.150746921128,)
(-2525.150746921128,)
(-2524.344566947144,)
(-2524.344566947144,)
(-2521.608531736866,)
(-2515.543291897913,)
(-2515.543291897913,)
(-2515.543291897913,)
(-2515.543291897913,)
(-2513.28801939281,)
(-2509.702610644234,)
(-2508.146308143467,)
(-2508.146308143467,)
(-2508.146308143467,)
(-2505.2639678227033,)
(-2505.2639678227033,)
(-2505.2639678227033,)
(-2499.3572101131645,)
(-2499.3572101131645,)
(-2499.3572101131645,)
(-2499.3572101131645,)
(-2499.3572101131645,)
(-2496.779923794283,)
(-2496.779923794283,)
(-2496.779923794283,)
(-2495.9560150533384,)
(-2495.9560150533384,)
(-2491.1563108515734,)
(-2490.881897664237,)
(-2486.802716418189,)
(-2486.802716418189,)
(-2486.802716418189,)
(-2486.802716418189,)
(-2486.802716418189,)
(-2486.6594003373684,)
(-2483.384666603371,)
(-2478.062367803004,)
(-2474.2944172306034,)
(-2474.2944172306034,)
(-2470.247394131689,)
(-2470.247394131689,)
(-2470.247394131689,)
(-2469.344304144697,)
(-2469.344304144697,)
(-2464.2826241165103,)
(-2464.2826241165103,)
(-2464.2826241165103,)
(-2459.025545382073,)
(-2459.025545382073,)
(-2453.951630897469,)
(-2451.2562030649315,)
(-2451.2562030649315,)
(-2451.2562030649315,)
(-2451.2562030649315,)
(-2451.2562030649315,)
(-2451.2562030649315,)
(-2429.1268995229207,)
(-2429.1268995229207,)
(-2429.1268995229207,)
(-2961.6954364589355,)
(-2961.6954364589355,)
(-2961.6954364589355,)
(-2930.355447697546,)
(-2770.270822389272,)
(-2745.327727240609,)
(-2745.327727240609,)
(-2745.327727240609,)
(-2745.327727240609,)
(-2745.327727240609,)
(-2745.327727240609,)
(-2745.327727240609,)
(-2742.8732396776027,)
(-2734.8246247060006,)
(-2648.41758350507,)
(-2648.41758350507,)
(-2648.41758350507,)
(-2648.41758350507,)
(-2648.41758350507,)
(-2648.41758350507,)
(-2638.2264646953163,)
(-2638.2264646953163,)
(-2633.976757152157,)
(-2632.0252158589797,)
(-2585.4873021623634,)
(-2585.4873021623634,)
(-2584.7883321580275,)
(-2584.7883321580275,)
(-2584.7883321580275,)
(-2584.7883321580275,)
(-2584.7883321580275,)
(-2584.7883321580275,)
