(-2926.8018549106937,)

(-2803.728210894652,)

(-2715.2949772241864,)

(-2877.3309709621294,)

(-2679.669793434011,)

(-2829.9606081847132,)

(-2649.980583266964,)

(-2751.6776305183926,)

(-2625.26182301405,)

(-2712.8260686776903,)

(-2580.026169625254,)

(-2686.5481624808735,)

(-2551.168837128823,)

(-2534.8796274234164,)

(-2670.7492916408373,)

(-2523.3774108308785,)

(-2622.5175047712723,)

(-2511.154018409962,)

(-2603.3224399993887,)

(-2492.9375646922326,)

(-2583.2334688313376,)

(-2481.4712335012864,)

(-2539.6351495691215,)

(-2469.1311045212465,)

(-2523.661733900078,)

(-2434.7897577730064,)

(-2507.2350407483573,)

(-2424.595937746991,)

(-2494.9754034378516,)

(-2411.353228878874,)

(-2476.394277353359,)

(-2398.00357024633,)

(-2470.9505798541263,)

(-2392.288397507366,)

(-2456.7163973694364,)

(-2377.1271508861787,)

(-2447.9619100372506,)

(-2366.258421301215,)

(-2411.5455798591415,)

(-2358.7012648263644,)

(-2394.041300367925,)

(-2344.0849366001853,)

(-2386.8370811066115,)

(-2317.8483295085844,)

(-2378.671289804196,)

(-2314.2000219195625,)

(-2362.7894707559626,)

(-2313.3303556880583,)

(-2344.994620965103,)

(-2308.2962365049093,)

(-2340.6652227810705,)

(-2299.711415173408,)

(-2334.651341009195,)

(-2291.841748941903,)

(-2327.1634296907023,)

(-2282.6479289158865,)

(-2324.384517759185,)

(-2278.4083513993096,)

(-2315.4686039299863,)

(-2278.4083513993096,)

(-2311.412237293998,)

(-2265.191897681581,)

(-2308.570599786093,)

(-2258.595232722139,)

(-2300.823937791419,)

(-2250.4527461369166,)

(-2298.630117765403,)

(-2248.4527461369166,)

(-2295.2445114918046,)

(-2238.2757375946626,)

(-2288.089609531819,)

(-2229.89214746053,)

(-2284.6364767058026,)

(-2228.2443299786414,)

(-2225.3057824577286,)

(-2284.6364767058026,)

(-2221.9078424490567,)

(-2280.830296731818,)

(-2217.272358702242,)

(-2277.575024226715,)

(-2212.716056201474,)

(-2276.8076630401047,)

(-2207.0451149207383,)

(-2270.8410867955918,)

(-2204.818361246369,)

(-2260.616040071901,)

(-2201.3589687586095,)

(-2256.7867362990705,)

(-2198.176218993369,)

(-2253.945588898299,)

(-2197.1762189933693,)

(-2249.7748926711297,)

(-2192.691668928329,)

(-2243.8029213947298,)

(-2191.0438514464404,)

(-2237.6217969404784,)

(-2190.3448814421045,)

(-2233.0020081821895,)

(-2188.566911110066,)

(-2229.507158160509,)

(-2187.6077636758737,)

(-2226.6955831546384,)

(-2186.9599461939847,)

(-2224.87706944558,)

(-2183.970246150625,)

(-2219.0956385814325,)

(-2183.970246150625,)

(-2216.7880780328205,)

(-2182.2594325183486,)

(-2215.3901380241487,)

(-2181.2820662100617,)

(-2211.5942580068045,)

(-2180.912154924991,)

(-2207.724591775299,)

(-2178.9913361710383,)

(-2204.621233166238,)

(-2176.6057298974397,)

(-2203.0983544209575,)

(-2173.957422308418,)

(-2201.348231894174,)

(-2173.545821089653,)

(-2199.5523518768305,)

(-2172.147881080981,)

(-2198.6418330795186,)

(-2169.926032331365,)

(-2197.817924338574,)

(-2168.6530310593016,)

(-2197.02204432123,)

(-2168.3003584340568,)

(-2194.0421541273768,)

(-2167.167500779994,)

(-2190.376607878528,)

(-2166.10065326902,)

(-2189.5812179683176,)

(-2163.304773251676,)

(-2186.6599091072317,)

(-2163.304773251676,)

(-2184.9609391028957,)

(-2163.304773251676,)

(-2183.7390903532796,)

(-2161.9579857654517,)

(-2182.3470354836286,)

(-2161.9579857654517,)

(-2181.9490954749567,)

(-2160.3947445614967,)

(-2180.079429243452,)

(-2160.3947445614967,)

(-2177.082790496904,)

(-2159.899894539817,)

(-2158.376525687403,)

(-2176.2110904869655,)

(-2157.978585678731,)

(-2173.03499922791,)

(-2157.978585678731,)

(-2171.4275442046956,)

(-2156.358796920443,)

(-2168.8658466720412,)

(-2155.835918175163,)

(-2166.1668766677053,)

(-2154.437488059357,)

(-2163.4807305055765,)

(-2153.738518055021,)

(-2161.577640518585,)

(-2153.011519327085,)

(-2161.577640518585,)

(-2153.011519327085,)

(-2160.531883028025,)

(-2153.011519327085,)

(-2160.179700509913,)

(-2152.3125493227485,)

(-2158.4910304622167,)

(-2152.062671849532,)

(-2157.2691817126,)

(-2151.835918175162,)

(-2154.825484213368,)

(-2151.483735657051,)

