(-2687.6834663467585,)
(-2679.843582420285,)
(-2665.401815750132,)
(-2625.706032174281,)
(-2550.9581340626896,)
(-2550.9581340626896,)
(-2537.483755715176,)
(-2536.3868457021676,)
(-2528.6185393864553,)
(-2507.0865333314073,)
(-2491.288383580198,)
(-2485.291838624758,)
(-2465.569056775491,)
(-2457.8439011727323,)
(-2434.2759078600025,)
(-2434.2759078600025,)
(-2411.9551153189436,)
(-2409.87305900229,)
(-2405.0033927707855,)
(-2399.0905429465033,)
(-2388.672803538677,)
(-2387.468819688437,)
(-2376.9974974525385,)
(-2372.7533813284094,)
(-2368.957501311065,)
(-2366.1735887115938,)
(-2363.1410023239923,)
(-2360.0127164374444,)
(-2356.5178664157647,)
(-2356.5178664157647,)
(-2348.8728339599957,)
(-2348.048925219051,)
(-2344.874953858629,)
(-2335.887763597322,)
(-2331.5132226315636,)
(-2330.240221359499,)
(-2325.594110828289,)
(-2322.2906471455367,)
(-2319.3670769569167,)
(-2318.4157668004905,)
(-2313.7120582138073,)
(-2310.4812256297523,)
(-2309.6110241652505,)
(-2302.639588121847,)
(-2302.639588121847,)
(-2297.252438176948,)
(-2295.8246342235548,)
(-2292.3297842018746,)
(-2287.1925117301926,)
(-2283.685427252096,)
(-2281.132585283438,)
(-2279.101096027728,)
(-2275.4477842352962,)
(-2273.8512185545114,)
(-2271.99734659019,)
(-2266.59315158984,)
(-2266.59315158984,)
(-2260.9870000027945,)
(-2256.862061266186,)
(-2256.1630912618502,)
(-2253.8851850650335,)
(-2250.353192979698,)
(-2246.333869128708,)
(-2244.009363120508,)
(-2242.821530575199,)
(-2240.219470583871,)
(-2239.4300184605822,)
(-2236.4001673138027,)
(-2236.1332320991046,)
(-2233.2746263934628,)
(-2230.5756563891264,)
(-2229.3538076395103,)
(-2226.6548376351743,)
(-2226.6548376351743,)
(-2224.6510776491887,)
(-2222.1806438924405,)
(-2219.0944949514196,)
(-2219.0944949514196,)
(-2217.3481131537465,)
(-2216.232635175754,)
(-2215.861069587907,)
(-2212.8112719143573,)
(-2212.1370544679035,)
(-2209.8640531958404,)
(-2208.0487340128125,)
(-2203.217857576895,)
(-2203.217857576895,)
(-2202.906066509244,)
(-2201.718102630461,)
(-2200.5081265005715,)
(-2198.0998865352603,)
(-2197.2168040127276,)
(-2196.5770077899797,)
(-2195.586225190666,)
(-2193.9448852966175,)
(-2192.746131354062,)
(-2191.196204099448,)
(-2190.0752190651115,)
(-2188.565135170253,)
(-2187.9783090521037,)
