(-2887.021555877955,)
(-2791.831725996441,)
(-2780.6798482579848,)
(-2732.1262181988177,)
(-2718.274173680654,)
(-2667.777015270015,)
(-2660.0480398613213,)
(-2610.8144923625982,)
(-2608.1508514783745,)
(-2568.4767823511534,)
(-2534.1165024544453,)
(-2512.407232493469,)
(-2512.407232493469,)
(-2491.3137830125706,)
(-2469.8713459246073,)
(-2447.6891302690915,)
(-2435.876768366225,)
(-2427.9667677466846,)
(-2406.8060794503717,)
(-2391.489418291819,)
(-2383.0580545276603,)
(-2353.1125683035602,)
(-2341.8703124992626,)
(-2341.8703124992626,)
(-2308.4397861029897,)
(-2302.0227722133704,)
(-2294.828952187355,)
(-2284.8087373721064,)
(-2283.9336761087147,)
(-2275.367211033659,)
(-2271.911279078009,)
(-2270.388400332729,)
(-2260.9447028334966,)
(-2256.7228540838805,)
(-2254.8689821195585,)
(-2254.8689821195585,)
(-2254.8689821195585,)
(-2253.4218240882165,)
(-2247.2186016197584,)
(-2242.0636996597727,)
(-2241.832896067503,)
(-2241.0179421692123,)
(-2241.0179421692123,)
(-2237.376964111854,)
(-2234.744940897149,)
(-2232.017452062079,)
(-2230.597429910204,)
(-2225.8324876000584,)
(-2225.1335175957224,)
(-2223.2584563323308,)
(-2220.2994898164843,)
(-2219.159512540889,)
(-2216.1034061101204,)
(-2212.383395068939,)
(-2212.23042760873,)
(-2208.0064960971126,)
(-2206.432464829385,)
(-2203.2106160797684,)
(-2199.949997526346,)
(-2199.949997526346,)
(-2196.853087513338,)
(-2196.2510275220097,)
(-2193.1260887854014,)
(-2193.1260887854014,)
(-2190.689230710699,)
(-2186.858482545225,)
(-2185.9582637045514,)
(-2185.9582637045514,)
(-2183.8353587463776,)
(-2183.6106388504422,)
(-2180.692201135675,)
(-2177.290027227729,)
(-2177.290027227729,)
(-2177.290027227729,)
(-2176.193117214721,)
(-2173.4483897198247,)
(-2173.4483897198247,)
(-2172.749419715489,)
(-2170.7494197154883,)
(-2169.3003271843686,)
(-2168.6830623116484,)
(-2167.509842198912,)
(-2167.481813475312,)
(-2165.5555996894723,)
(-2165.5555996894723,)
(-2164.2393648124157,)
(-2163.772543514335,)
(-2162.0381159760786,)
(-2162.0381159760786,)
(-2161.5226660411186,)
(-2160.5152372307984,)
(-2160.415456071471,)
(-2158.377964759116,)
(-2157.477071829936,)
(-2157.477071829936,)
(-2156.2830885245426,)
(-2154.3322072685555,)
(-2154.0845268531507,)
(-2152.6386322961066,)
(-2151.1883755693457,)
