(-2801.1830619580505,)
(-2801.1830619580505,)
(-2729.244554264036,)
(-2729.244554264036,)
(-2729.244554264036,)
(-2726.670522996309,)
(-2706.3395297772677,)
(-2706.3395297772677,)
(-2631.367212272885,)
(-2631.367212272885,)
(-2631.367212272885,)
(-2631.367212272885,)
(-2630.54330353194,)
(-2618.040934807187,)
(-2618.040934807187,)
(-2606.54433693452,)
(-2606.54433693452,)
(-2606.54433693452,)
(-2606.54433693452,)
(-2565.010496830123,)
(-2565.010496830123,)
(-2565.010496830123,)
(-2565.010496830123,)
(-2565.010496830123,)
(-2565.010496830123,)
(-2565.010496830123,)
(-2563.9313155840746,)
(-2563.9313155840746,)
(-2554.0973277076773,)
(-2545.1721441483223,)
(-2545.1721441483223,)
(-2545.1721441483223,)
(-2533.09151850963,)
(-2533.09151850963,)
(-2518.161033984705,)
(-2505.036095248097,)
(-2505.036095248097,)
(-2505.036095248097,)
(-2505.036095248097,)
(-2505.036095248097,)
(-2504.2853833355234,)
(-2503.4198663005745,)
(-2503.4198663005745,)
(-2489.837067754029,)
(-2447.1539712417552,)
(-2447.1539712417552,)
(-2447.1539712417552,)
(-2447.1539712417552,)
(-2447.1539712417552,)
(-2445.9777014791644,)
(-2439.7930147993366,)
(-2417.111970978432,)
(-2416.2369097150404,)
(-2416.2369097150404,)
(-2416.2369097150404,)
(-2415.5379397107044,)
(-2415.5379397107044,)
(-2415.5379397107044,)
(-2415.5379397107044,)
(-2412.5259454403986,)
(-2412.5259454403986,)
(-2412.5259454403986,)
(-2412.5259454403986,)
(-2412.5259454403986,)
(-2412.5259454403986,)
(-2412.5259454403986,)
(-2412.5259454403986,)
(-2412.5259454403986,)
(-2412.5259454403986,)
(-2412.5259454403986,)
(-2411.031095418718,)
(-2411.031095418718,)
(-2411.031095418718,)
(-2404.3358661434945,)
(-2404.3358661434945,)
(-2404.3358661434945,)
(-2404.3358661434945,)
(-2404.3358661434945,)
(-2404.3358661434945,)
(-2404.3358661434945,)
(-2400.114017393878,)
(-2400.114017393878,)
(-2400.114017393878,)
(-2400.114017393878,)
(-2400.114017393878,)
(-2400.114017393878,)
(-2400.114017393878,)
(-2399.818382430101,)
(-2398.249256087126,)
(-2398.249256087126,)
(-2398.249256087126,)
(-2398.249256087126,)
(-2398.249256087126,)
(-2398.249256087126,)
(-2398.249256087126,)
(-2398.249256087126,)
(-2395.2741685253595,)
(-2393.31992601592,)
(-2393.31992601592,)
(-2393.31992601592,)
(-2813.2313053567877,)
(-2779.866608185257,)
(-2773.29719087459,)
(-2750.2424372871624,)
(-2750.2424372871624,)
(-2730.038317304506,)
(-2725.8845330559147,)
(-2696.544772931534,)
(-2696.544772931534,)
(-2696.544772931534,)
(-2693.169956721709,)
(-2692.470986717373,)
(-2679.8320011341125,)
(-2671.6246417414486,)
(-2645.960400108157,)
(-2645.960400108157,)
(-2645.960400108157,)
(-2645.960400108157,)
(-2645.960400108157,)
(-2645.1078780184803,)
(-2613.0621205279194,)
(-2613.0621205279194,)
(-2605.409385058934,)
(-2603.687781362884,)
(-2603.687781362884,)
(-2600.2315812080756,)
(-2590.2591198245423,)
(-2570.016316683144,)
(-2570.016316683144,)
(-2537.1764399224708,)
(-2534.66713398438,)
(-2532.968163980044,)
(-2532.968163980044,)
(-2529.5525512340664,)
(-2526.506793743506,)
(-2526.506793743506,)
(-2526.506793743506,)
(-2526.506793743506,)
(-2526.506793743506,)
(-2518.83585246277,)
(-2518.83585246277,)
(-2490.547455762526,)
(-2490.547455762526,)
(-2490.547455762526,)
(-2490.547455762526,)
(-2490.547455762526,)
(-2490.547455762526,)
(-2490.547455762526,)
(-2490.547455762526,)
(-2490.547455762526,)
(-2490.547455762526,)
(-2478.973424494798,)
(-2478.973424494798,)
(-2467.2224826498173,)
(-2467.2224826498173,)
(-2467.2224826498173,)
(-2467.2224826498173,)
(-2467.2224826498173,)
(-2467.2224826498173,)
(-2467.2224826498173,)
(-2467.2224826498173,)
(-2467.2224826498173,)
(-2467.2224826498173,)
(-2464.4036071040687,)
(-2464.4036071040687,)
(-2464.4036071040687,)
(-2464.4036071040687,)
(-2464.4036071040687,)
(-2459.6851016478186,)
(-2456.974182429291,)
(-2451.0533636753385,)
(-2451.0533636753385,)
(-2451.0533636753385,)
(-2445.785023046919,)
(-2445.785023046919,)
(-2435.5979364035616,)
(-2435.5979364035616,)
(-2435.5979364035616,)
(-2435.5979364035616,)
(-2435.5979364035616,)
(-2435.5979364035616,)
(-2435.5979364035616,)
(-2435.5979364035616,)
(-2433.767579066564,)
(-2433.767579066564,)
(-2432.4664798931394,)
(-2432.371825652303,)
(-2419.4554845088383,)
(-2419.4554845088383,)
(-2419.4554845088383,)
(-2419.4554845088383,)
(-2419.4554845088383,)
(-2419.4554845088383,)
(-2400.8343506365636,)
(-2400.010441895619,)
(-2400.010441895619,)
(-2400.010441895619,)
(-2400.010441895619,)
(-2400.010441895619,)
(-2400.010441895619,)
(-2981.1052748306984,)
(-2885.6476022835996,)
(-2819.600597058638,)
(-2804.902079208931,)
(-2804.902079208931,)
(-2804.902079208931,)
(-2758.5809369989197,)
(-2758.5809369989197,)
(-2713.2532808602487,)
(-2705.719881596546,)
(-2705.719881596546,)
(-2705.719881596546,)
(-2705.719881596546,)
(-2703.013520521325,)
(-2699.6613380032127,)
(-2699.6613380032127,)
(-2699.6613380032127,)
(-2698.9623679988767,)
(-2688.240876665911,)
(-2688.240876665911,)
(-2651.411688696934,)
(-2651.411688696934,)
(-2651.411688696934,)
(-2651.411688696934,)
(-2651.411688696934,)
(-2638.573824275979,)
(-2618.8846104241575,)
(-2592.595305458908,)
(-2592.595305458908,)
(-2592.595305458908,)
(-2592.595305458908,)
(-2592.595305458908,)
(-2592.595305458908,)
(-2576.4255816143623,)
(-2563.232636829972,)
(-2563.232636829972,)
(-2562.232636829971,)
(-2562.232636829971,)
(-2557.4436955158144,)
(-2557.4436955158144,)
(-2557.4436955158144,)
(-2557.4436955158144,)
(-2557.4436955158144,)
(-2557.4436955158144,)
(-2557.4436955158144,)
(-2557.4436955158144,)
(-2557.4436955158144,)
(-2557.4436955158144,)
(-2557.134676196348,)
(-2516.7461051376868,)
(-2516.181028712612,)
(-2516.181028712612,)
(-2516.181028712612,)
(-2508.0275711452696,)
(-2508.0275711452696,)
(-2508.0275711452696,)
(-2508.0275711452696,)
(-2508.0275711452696,)
(-2507.6708099427265,)
(-2496.157904913765,)
(-2496.157904913765,)
(-2495.175959921047,)
(-2493.953784931109,)
(-2477.583873646038,)
(-2454.6263515228334,)
(-2454.6263515228334,)
(-2454.6263515228334,)
(-2454.6263515228334,)
(-2454.6263515228334,)
(-2454.6263515228334,)
(-2449.0666701296464,)
(-2449.0666701296464,)
(-2449.0666701296464,)
(-2449.0666701296464,)
(-2449.0666701296464,)
(-2444.8093570828937,)
(-2444.8093570828937,)
(-2444.8093570828937,)
(-2443.9854483419494,)
(-2443.9854483419494,)
(-2437.906267095902,)
(-2437.906267095902,)
(-2435.1513056485387,)
(-2434.540096539942,)
(-2434.1513056485387,)
(-2433.4582207832223,)
(-2433.4582207832223,)
(-2431.430689512482,)
(-2420.0017987204387,)
(-2414.734682587395,)
(-2414.734682587395,)
(-2396.032278653552,)
(-2396.032278653552,)
(-2396.032278653552,)
(-2396.032278653552,)
(-2396.032278653552,)
(-2396.032278653552,)
(-2396.032278653552,)
(-2384.534360242231,)
(-2384.534360242231,)
(-2852.8573214711937,)
(-2801.244878450388,)
(-2801.244878450388,)
(-2801.244878450388,)
(-2801.244878450388,)
(-2789.6264864690493,)
(-2760.5622463576897,)
(-2760.5622463576897,)
(-2735.4705958637173,)
(-2735.4705958637173,)
(-2696.9979540081054,)
(-2691.0540114553055,)
(-2691.0540114553055,)
(-2671.7330323038564,)
(-2663.867935975344,)
(-2657.7209359097938,)
(-2657.7209359097938,)
(-2657.7209359097938,)
(-2625.472403550564,)
(-2625.472403550564,)
(-2625.472403550564,)
(-2625.472403550564,)
(-2625.472403550564,)
(-2617.633159171645,)
(-2612.1181872540187,)
(-2612.1181872540187,)
(-2552.4421204867476,)
(-2552.4421204867476,)
(-2552.4421204867476,)
(-2531.4000658880186,)
(-2531.4000658880186,)
(-2531.4000658880186,)
(-2531.4000658880186,)
(-2531.4000658880186,)
(-2531.4000658880186,)
(-2531.4000658880186,)
(-2531.4000658880186,)
(-2529.233028750273,)
(-2520.887293540448,)
(-2520.887293540448,)
(-2503.8422969901385,)
(-2503.8422969901385,)
(-2503.8422969901385,)
(-2502.125692285444,)
(-2502.125692285444,)
(-2499.6996294865694,)
(-2497.47566531883,)
(-2490.6792953344197,)
(-2483.571820693105,)
(-2480.7759406757605,)
(-2480.7759406757605,)
(-2480.7759406757605,)
(-2480.7759406757605,)
(-2480.429153189536,)
(-2479.7301831852,)
(-2479.7301831852,)
(-2479.7301831852,)
(-2473.705434075364,)
(-2473.705434075364,)
(-2473.705434075364,)
(-2470.441387645953,)
(-2470.441387645953,)
(-2469.576185498507,)
(-2469.576185498507,)
(-2469.576185498507,)
(-2464.3220270598686,)
(-2464.3220270598686,)
(-2460.6754173146655,)
(-2459.9764473103296,)
(-2459.9764473103296,)
(-2455.74115636761,)
(-2453.2986666050633,)
(-2432.8649287082853,)
(-2432.8649287082853,)
(-2432.8649287082853,)
(-2432.8649287082853,)
(-2432.8649287082853,)
(-2432.8649287082853,)
(-2432.8649287082853,)
(-2432.8649287082853,)
(-2432.8649287082853,)
(-2426.1506488134546,)
(-2426.1506488134546,)
(-2426.1506488134546,)
(-2426.1506488134546,)
(-2418.374884332703,)
(-2399.1894676008283,)
(-2399.1894676008283,)
(-2399.1894676008283,)
(-2399.1894676008283,)
(-2399.1894676008283,)
(-2399.1894676008283,)
(-2392.30349851564,)
(-2392.30349851564,)
(-2392.30349851564,)
(-2389.9055585069677,)
(-2389.9055585069677,)
(-2389.9055585069677,)
(-2389.9055585069677,)
(-2387.616862246378,)
(-2766.9808691934827,)
(-2749.6635823098045,)
(-2749.6635823098045,)
(-2749.6635823098045,)
(-2704.433960251581,)
(-2680.2632640244115,)
(-2680.2632640244115,)
(-2615.6655840392355,)
(-2603.760536745115,)
(-2603.760536745115,)
(-2603.760536745115,)
(-2600.7147792545543,)
(-2599.4722501350075,)
(-2599.4722501350075,)
(-2595.657115318371,)
(-2586.864034430659,)
(-2545.9316426227656,)
(-2545.9316426227656,)
(-2545.9316426227656,)
(-2545.2326726184297,)
(-2545.2326726184297,)
(-2538.859467567653,)
(-2538.0355588267084,)
(-2527.7197704890605,)
(-2527.7197704890605,)
(-2522.612951347889,)
(-2520.834800097505,)
(-2520.834800097505,)
(-2520.834800097505,)
(-2520.834800097505,)
(-2520.834800097505,)
(-2520.2045718781424,)
(-2519.1089365734247,)
(-2515.510800316242,)
(-2471.678904715695,)
(-2471.678904715695,)
(-2471.678904715695,)
(-2463.474784733039,)
(-2463.474784733039,)
(-2454.712833245587,)
(-2454.712833245587,)
(-2454.712833245587,)
(-2454.712833245587,)
(-2450.6738715204992,)
(-2450.6738715204992,)
(-2435.511669020635,)
(-2432.2106390249714,)
(-2432.2106390249714,)
(-2432.2106390249714,)
(-2432.2106390249714,)
(-2431.7690279520757,)
(-2425.5219689772753,)
(-2425.5219689772753,)
(-2425.5219689772753,)
(-2420.200504664961,)
(-2417.1493521425136,)
(-2417.1493521425136,)
(-2417.1493521425136,)
(-2412.9072217485837,)
(-2411.5092817399113,)
(-2411.5092817399113,)
(-2411.5092817399113,)
(-2411.5092817399113,)
(-2409.4511905142767,)
(-2409.4511905142767,)
(-2408.907221748583,)
(-2408.907221748583,)
(-2393.235366736173,)
(-2393.235366736173,)
(-2392.536396731837,)
(-2388.0576961102975,)
(-2388.0576961102975,)
(-2388.0576961102975,)
(-2384.60571479389,)
(-2384.60571479389,)
(-2380.7560834325777,)
(-2355.534686837591,)
(-2355.534686837591,)
(-2355.534686837591,)
(-2355.534686837591,)
(-2355.534686837591,)
(-2355.534686837591,)
(-2353.6418968072385,)
(-2353.6418968072385,)
(-2343.7342591924953,)
(-2343.7342591924953,)
(-2343.7342591924953,)
(-2343.7342591924953,)
(-2343.7342591924953,)
(-2343.7342591924953,)
(-2340.7342591924953,)
(-2340.7342591924953,)
(-2336.41330337206,)
(-2335.9184533503794,)
(-2335.714333367724,)
(-2335.0945446094356,)
(-2335.0945446094356,)
(-2335.0945446094356,)
(-2335.0945446094356,)
(-2334.4889248073414,)
(-2814.4878382478673,)
(-2814.4878382478673,)
(-2800.3589229196537,)
(-2787.536121958541,)
(-2787.536121958541,)
(-2787.536121958541,)
(-2771.841118227198,)
(-2744.1681451732466,)
(-2744.1681451732466,)
(-2713.5434164523695,)
(-2713.5434164523695,)
(-2713.5434164523695,)
(-2702.3121044958784,)
(-2691.5732864431393,)
(-2686.200826969363,)
(-2686.200826969363,)
(-2663.101955854437,)
(-2657.7518115162775,)
(-2646.4065997665452,)
(-2646.4065997665452,)
(-2625.1279522572804,)
(-2625.1279522572804,)
(-2606.480886251884,)
(-2606.480886251884,)
(-2606.480886251884,)
(-2606.480886251884,)
(-2598.2212489413787,)
(-2595.791298787125,)
(-2594.967390046181,)
(-2571.7081239967742,)
(-2571.7081239967742,)
(-2558.167633116062,)
(-2558.167633116062,)
(-2558.167633116062,)
(-2550.587550065569,)
(-2550.587550065569,)
(-2550.587550065569,)
(-2543.214077065728,)
(-2543.214077065728,)
(-2543.214077065728,)
(-2543.214077065728,)
(-2543.214077065728,)
(-2543.214077065728,)
(-2543.214077065728,)
(-2496.231909055593,)
(-2496.231909055593,)
(-2494.833969046921,)
(-2494.833969046921,)
(-2494.833969046921,)
(-2494.833969046921,)
(-2494.833969046921,)
(-2494.833969046921,)
(-2494.833969046921,)
(-2494.833969046921,)
(-2494.833969046921,)
(-2494.833969046921,)
(-2493.9975456525576,)
(-2493.9975456525576,)
(-2493.9975456525576,)
(-2483.816421198306,)
(-2483.816421198306,)
(-2483.816421198306,)
(-2477.145479917571,)
(-2476.446509913235,)
(-2448.5625193377746,)
(-2448.5625193377746,)
(-2448.5625193377746,)
(-2448.5625193377746,)
(-2448.5625193377746,)
(-2448.5625193377746,)
(-2448.5625193377746,)
(-2448.5625193377746,)
(-2442.2549515316173,)
(-2441.1134268066553,)
(-2427.5016310307583,)
(-2427.5016310307583,)
(-2427.5016310307583,)
(-2427.5016310307583,)
(-2427.5016310307583,)
(-2426.08278949477,)
(-2425.0316369723228,)
(-2425.0316369723228,)
(-2424.2285985155136,)
(-2424.2285985155136,)
(-2424.2285985155136,)
(-2422.777709581206,)
(-2396.8103916883333,)
(-2391.8695131404515,)
(-2391.8695131404515,)
(-2389.827125573755,)
(-2385.277753105763,)
(-2383.834355826762,)
(-2383.834355826762,)
(-2383.834355826762,)
(-2383.834355826762,)
(-2383.834355826762,)
(-2383.834355826762,)
(-2383.834355826762,)
(-2383.834355826762,)
(-2383.834355826762,)
(-2820.142752247766,)
(-2809.247631190445,)
(-2809.247631190445,)
(-2809.247631190445,)
(-2809.247631190445,)
(-2803.040054045954,)
(-2762.432297106228,)
(-2762.432297106228,)
(-2734.775759349967,)
(-2734.775759349967,)
(-2717.9489850348546,)
(-2713.3861755188404,)
(-2682.2586152022805,)
(-2682.2586152022805,)
(-2682.2586152022805,)
(-2680.816678299118,)
(-2676.4191420714683,)
(-2676.102094945944,)
(-2640.1106951177057,)
(-2628.5413205097643,)
(-2628.5413205097643,)
(-2618.052293212097,)
(-2582.7972459388416,)
(-2582.7972459388416,)
(-2582.7972459388416,)
(-2582.7972459388416,)
(-2582.7972459388416,)
(-2580.671854645388,)
(-2578.06979465406,)
(-2573.283956575011,)
(-2573.283956575011,)
(-2573.283956575011,)
(-2572.408895311619,)
(-2554.2633545304047,)
(-2554.2633545304047,)
(-2536.448039354667,)
(-2528.6064018467614,)
(-2528.6064018467614,)
(-2528.6064018467614,)
(-2526.8936642249905,)
(-2512.4870294373836,)
(-2502.5960947614362,)
(-2499.9852608458013,)
(-2499.9852608458013,)
(-2499.9852608458013,)
(-2496.763412096185,)
(-2496.763412096185,)
(-2488.968022185975,)
(-2488.968022185975,)
(-2488.968022185975,)
(-2488.968022185975,)
(-2488.4909009312555,)
(-2488.4909009312555,)
(-2488.4909009312555,)
(-2487.791930926919,)
(-2463.3439928032676,)
(-2463.3439928032676,)
(-2463.3439928032676,)
(-2463.3439928032676,)
(-2458.5816358200673,)
(-2458.5816358200673,)
(-2458.5816358200673,)
(-2458.5816358200673,)
(-2458.5816358200673,)
(-2458.5816358200673,)
(-2458.5816358200673,)
(-2458.5816358200673,)
(-2436.2177458179667,)
(-2436.2177458179667,)
(-2436.2177458179667,)
(-2436.2177458179667,)
(-2433.685377809398,)
(-2433.685377809398,)
(-2433.685377809398,)
(-2433.685377809398,)
(-2425.3704427041766,)
(-2424.3566797582234,)
(-2424.3566797582234,)
(-2423.847563958896,)
(-2423.14859395456,)
(-2404.1963827663512,)
(-2400.8953527706876,)
(-2400.8953527706876,)
(-2400.8953527706876,)
(-2400.8953527706876,)
(-2400.8953527706876,)
(-2400.8953527706876,)
(-2400.8953527706876,)
(-2400.8953527706876,)
(-2400.8953527706876,)
(-2400.8953527706876,)
(-2400.8953527706876,)
(-2400.8953527706876,)
(-2398.8700238980637,)
(-2394.964043406838,)
(-2389.1344401801302,)
(-2383.907196398627,)
(-2383.907196398627,)
(-2383.907196398627,)
(-2383.907196398627,)
(-2742.9574890155945,)
(-2742.9574890155945,)
(-2742.9574890155945,)
(-2723.431149738204,)
(-2723.431149738204,)
(-2723.431149738204,)
(-2702.7395628028526,)
(-2668.8769226446684,)
(-2668.2330677105456,)
(-2641.6879255699405,)
(-2641.6879255699405,)
(-2641.6879255699405,)
(-2632.5275292994115,)
(-2630.3568330722424,)
(-2630.3568330722424,)
(-2570.361382253682,)
(-2570.361382253682,)
(-2570.361382253682,)
(-2570.361382253682,)
(-2570.361382253682,)
(-2567.132694079535,)
(-2564.4337240751993,)
(-2564.4337240751993,)
(-2564.4337240751993,)
(-2564.4337240751993,)
(-2564.4337240751993,)
(-2564.4337240751993,)
(-2564.4337240751993,)
(-2564.4337240751993,)
(-2564.4337240751993,)
(-2564.4337240751993,)
(-2564.4337240751993,)
(-2564.4337240751993,)
(-2564.4337240751993,)
(-2564.4337240751993,)
(-2564.4337240751993,)
(-2564.4337240751993,)
(-2564.4337240751993,)
(-2550.347114018832,)
(-2550.347114018832,)
(-2550.347114018832,)
(-2529.734490958442,)
(-2529.734490958442,)
(-2529.734490958442,)
(-2529.734490958442,)
(-2529.734490958442,)
(-2529.734490958442,)
(-2529.734490958442,)
(-2524.831892758454,)
(-2514.6080485614248,)
(-2514.6080485614248,)
(-2514.6080485614248,)
(-2503.748919419585,)
(-2503.748919419585,)
(-2503.748919419585,)
(-2503.748919419585,)
(-2500.9063202158554,)
(-2498.471577559276,)
(-2497.9121183489706,)
(-2491.3367617327253,)
(-2491.3367617327253,)
(-2491.3367617327253,)
(-2478.7066730177967,)
(-2450.454981822559,)
(-2449.5061343450066,)
(-2449.5061343450066,)
(-2449.5061343450066,)
(-2408.7395889350596,)
(-2408.7395889350596,)
(-2408.7395889350596,)
(-2408.7395889350596,)
(-2403.3384509523125,)
(-2403.3384509523125,)
(-2403.3384509523125,)
(-2403.3384509523125,)
(-2402.292693461752,)
(-2401.545768909043,)
(-2400.977132673202,)
(-2400.977132673202,)
(-2400.6976538133,)
(-2398.0791285293094,)
(-2397.8205061235712,)
(-2396.973473583779,)
(-2396.973473583779,)
(-2396.973473583779,)
(-2394.9017737959553,)
(-2394.9017737959553,)
(-2394.9017737959553,)
(-2394.9017737959553,)
(-2394.8770536779048,)
(-2393.354174932625,)
(-2392.7516471431964,)
(-2390.731077568786,)
(-2390.731077568786,)
(-2390.731077568786,)
(-2390.731077568786,)
(-2389.8156011988176,)
(-2389.208198823506,)
(-2386.882448709792,)
(-2386.882448709792,)
(-2750.546561985202,)
(-2746.159642970866,)
(-2746.159642970866,)
(-2746.159642970866,)
(-2746.159642970866,)
(-2745.3357342299214,)
(-2745.3357342299214,)
(-2707.1008458943184,)
(-2694.3208426679503,)
(-2694.3208426679503,)
(-2691.932723564934,)
(-2691.932723564934,)
(-2653.288915256485,)
(-2653.288915256485,)
(-2642.3452397043447,)
(-2637.0142464853025,)
(-2637.0142464853025,)
(-2632.653290042884,)
(-2632.653290042884,)
(-2617.4084538746956,)
(-2603.265868010815,)
(-2603.265868010815,)
(-2557.812392352219,)
(-2557.812392352219,)
(-2557.812392352219,)
(-2557.812392352219,)
(-2557.812392352219,)
(-2552.7332111061714,)
(-2519.7358177208903,)
(-2519.7358177208903,)
(-2519.7358177208903,)
(-2510.4999459244905,)
(-2510.4999459244905,)
(-2510.4999459244905,)
(-2510.4999459244905,)
(-2510.4999459244905,)
(-2496.5855524289086,)
(-2496.5855524289086,)
(-2496.5855524289086,)
(-2491.7896724115644,)
(-2491.7896724115644,)
(-2491.7896724115644,)
(-2489.191224878905,)
(-2489.191224878905,)
(-2489.191224878905,)
(-2489.191224878905,)
(-2489.191224878905,)
(-2489.191224878905,)
(-2489.191224878905,)
(-2489.191224878905,)
(-2489.191224878905,)
(-2487.5434073970164,)
(-2487.5434073970164,)
(-2487.5434073970164,)
(-2487.5434073970164,)
(-2487.5434073970164,)
(-2482.8901948832417,)
(-2482.8901948832417,)
(-2447.642022284261,)
(-2447.642022284261,)
(-2447.642022284261,)
(-2447.642022284261,)
(-2447.642022284261,)
(-2447.642022284261,)
(-2447.642022284261,)
(-2445.6931748067086,)
(-2445.6931748067086,)
(-2445.6931748067086,)
(-2428.2508156582485,)
(-2428.2508156582485,)
(-2428.2508156582485,)
(-2428.2508156582485,)
(-2428.2508156582485,)
(-2396.3080061356927,)
(-2393.705946144365,)
(-2386.836279912859,)
(-2386.836279912859,)
(-2386.836279912859,)
(-2386.836279912859,)
(-2386.836279912859,)
(-2386.1373099085226,)
(-2386.1373099085226,)
(-2386.1373099085226,)
(-2386.1373099085226,)
(-2385.413977033225,)
(-2385.413977033225,)
(-2385.413977033225,)
(-2381.8910982879447,)
(-2381.8910982879447,)
(-2381.8910982879447,)
(-2381.8910982879447,)
(-2376.7204020607755,)
(-2376.7204020607755,)
(-2375.473098485343,)
(-2375.473098485343,)
(-2375.473098485343,)
(-2368.352606193826,)
(-2367.9782484636635,)
(-2367.9782484636635,)
(-2367.9782484636635,)
(-2843.5933471233257,)
(-2799.516648163835,)
(-2799.291504991458,)
(-2787.039446331193,)
(-2787.039446331193,)
(-2737.8868847375,)
(-2705.799690621382,)
(-2705.799690621382,)
(-2705.799690621382,)
(-2705.799690621382,)
(-2705.799690621382,)
(-2675.702605005493,)
(-2675.702605005493,)
(-2675.702605005493,)
(-2627.656974195059,)
(-2600.428186742255,)
(-2600.428186742255,)
(-2600.428186742255,)
(-2600.428186742255,)
(-2590.9047186111857,)
(-2590.9047186111857,)
(-2590.9047186111857,)
(-2586.9928546998863,)
(-2586.9928546998863,)
(-2586.9928546998863,)
(-2586.9928546998863,)
(-2586.9928546998863,)
(-2586.9928546998863,)
(-2586.9928546998863,)
(-2586.9928546998863,)
(-2577.883396662466,)
(-2575.4044559186505,)
(-2551.323483764985,)
(-2551.323483764985,)
(-2551.323483764985,)
(-2550.6245137606493,)
(-2550.6245137606493,)
(-2550.6245137606493,)
(-2547.2478646469544,)
(-2545.4423455076526,)
(-2537.140327849551,)
(-2534.849107703393,)
(-2534.849107703393,)
(-2534.849107703393,)
(-2534.849107703393,)
(-2503.8099011486825,)
(-2503.8099011486825,)
(-2502.315051127003,)
(-2502.315051127003,)
(-2492.5128718044784,)
(-2492.5128718044784,)
(-2492.5128718044784,)
(-2491.018021782798,)
(-2491.018021782798,)
(-2491.018021782798,)
(-2486.9266595109234,)
(-2486.278842029035,)
(-2486.278842029035,)
(-2486.278842029035,)
(-2484.8233185408308,)
(-2471.2312936308567,)
(-2471.2312936308567,)
(-2468.316630589925,)
(-2466.9186905812526,)
(-2465.8838749025413,)
(-2458.1600813144805,)
(-2458.1600813144805,)
(-2449.358023275083,)
(-2449.358023275083,)
(-2444.261113262074,)
(-2431.9091815858446,)
(-2431.9091815858446,)
(-2431.9091815858446,)
(-2431.9091815858446,)
(-2431.9091815858446,)
(-2427.114576758951,)
(-2411.330809914897,)
(-2411.330809914897,)
(-2411.330809914897,)
(-2411.330809914897,)
(-2411.330809914897,)
(-2388.564421114841,)
(-2388.564421114841,)
(-2388.564421114841,)
(-2388.564421114841,)
(-2388.564421114841,)
(-2388.564421114841,)
(-2388.564421114841,)
(-2388.564421114841,)
(-2387.654315455039,)
(-2386.7054679774865,)
(-2383.9095879601427,)
(-2383.9095879601427,)
(-2383.7862698644567,)
(-2382.3425723652244,)
(-2382.3425723652244,)
(-2382.3425723652244,)
(-2380.198383499389,)
(-2380.198383499389,)
(-2371.2497565836197,)
(-2883.5643696181655,)
(-2758.22486743103,)
(-2758.22486743103,)
(-2758.22486743103,)
(-2741.990038321954,)
(-2741.1328846518077,)
(-2675.5508582722264,)
(-2675.5508582722264,)
(-2675.5508582722264,)
(-2675.5508582722264,)
(-2675.5508582722264,)
(-2675.5508582722264,)
(-2670.1302845718405,)
(-2669.505100781666,)
(-2669.505100781666,)
(-2669.505100781666,)
(-2669.505100781666,)
(-2653.890579056468,)
(-2642.360077731551,)
(-2587.1679833596813,)
(-2587.1679833596813,)
(-2587.1679833596813,)
(-2582.5093758140188,)
(-2576.0440032277925,)
(-2576.0440032277925,)
(-2576.0440032277925,)
(-2576.0440032277925,)
(-2576.0440032277925,)
(-2576.0440032277925,)
(-2564.0564186025554,)
(-2564.0564186025554,)
(-2564.0564186025554,)
(-2564.0564186025554,)
(-2564.0564186025554,)
(-2551.649491875872,)
(-2541.1142900919117,)
(-2537.985709904848,)
(-2537.985709904848,)
(-2537.985709904848,)
(-2489.595704493287,)
(-2489.595704493287,)
(-2489.595704493287,)
(-2489.595704493287,)
(-2489.595704493287,)
(-2489.595704493287,)
(-2486.437342001192,)
(-2481.905140230833,)
(-2481.905140230833,)
(-2481.905140230833,)
(-2481.905140230833,)
(-2481.905140230833,)
(-2481.905140230833,)
(-2481.905140230833,)
(-2481.905140230833,)
(-2481.905140230833,)
(-2481.905140230833,)
(-2481.905140230833,)
(-2481.206170226497,)
(-2481.206170226497,)
(-2481.206170226497,)
(-2481.206170226497,)
(-2481.206170226497,)
(-2479.6424389154085,)
(-2479.6424389154085,)
(-2479.6424389154085,)
(-2467.8087703371743,)
(-2467.8087703371743,)
(-2467.8087703371743,)
(-2467.8087703371743,)
(-2466.04442884198,)
(-2466.04442884198,)
(-2466.04442884198,)
(-2466.04442884198,)
(-2464.354590058954,)
(-2464.354590058954,)
(-2464.354590058954,)
(-2464.354590058954,)
(-2458.8941448465307,)
(-2450.760764076125,)
(-2446.6378591179505,)
(-2446.6378591179505,)
(-2446.6378591179505,)
(-2446.6378591179505,)
(-2446.6378591179505,)
(-2446.6378591179505,)
(-2442.091083748894,)
(-2441.6931437402222,)
(-2441.6931437402222,)
(-2436.4031865261272,)
(-2417.4546963455764,)
(-2417.4546963455764,)
(-2417.4546963455764,)
(-2417.4546963455764,)
(-2416.408938855016,)
(-2407.9864332310503,)
(-2407.9864332310503,)
(-2407.9864332310503,)
(-2405.1666120702034,)
(-2405.1666120702034,)
(-2405.1666120702034,)
(-2797.336617041109,)
(-2777.253467516851,)
(-2777.253467516851,)
(-2777.253467516851,)
(-2777.1285287802434,)
(-2758.8601175454305,)
(-2758.8601175454305,)
(-2754.632027492361,)
(-2717.4582027848355,)
(-2670.741908784363,)
(-2635.6793534874314,)
(-2635.6793534874314,)
(-2635.6793534874314,)
(-2635.6793534874314,)
(-2635.6793534874314,)
(-2631.883444478301,)
(-2609.259683995485,)
(-2606.2139265049236,)
(-2606.2139265049236,)
(-2606.2139265049236,)
(-2606.2139265049236,)
(-2606.2139265049236,)
(-2606.2139265049236,)
(-2603.7190764832435,)
(-2603.7190764832435,)
(-2577.8245514510186,)
(-2577.8245514510186,)
(-2577.8245514510186,)
(-2574.733036469898,)
(-2574.733036469898,)
(-2574.733036469898,)
(-2574.733036469898,)
(-2574.733036469898,)
(-2534.5501582137367,)
(-2534.5501582137367,)
(-2534.5501582137367,)
(-2534.5501582137367,)
(-2524.399395700345,)
(-2522.9268237488313,)
(-2522.2558824680955,)
(-2507.3409899303047,)
(-2504.2362545797846,)
(-2504.2362545797846,)
(-2504.2362545797846,)
(-2491.464862476509,)
(-2484.5123959204243,)
(-2484.5123959204243,)
(-2482.377083111277,)
(-2461.466638429863,)
(-2461.466638429863,)
(-2461.466638429863,)
(-2461.466638429863,)
(-2461.466638429863,)
(-2461.466638429863,)
(-2460.2496946050005,)
(-2459.425785864056,)
(-2459.425785864056,)
(-2459.425785864056,)
(-2459.425785864056,)
(-2459.425785864056,)
(-2459.369728416855,)
(-2458.601877123112,)
(-2447.7656279643406,)
(-2447.7656279643406,)
(-2447.7656279643406,)
(-2444.1409342812995,)
(-2443.543779214724,)
(-2442.273969571001,)
(-2441.370879584009,)
(-2441.370879584009,)
(-2439.4470501200617,)
(-2439.4470501200617,)
(-2439.4470501200617,)
(-2438.5493551649565,)
(-2438.5493551649565,)
(-2438.5493551649565,)
(-2438.5493551649565,)
(-2438.5493551649565,)
(-2438.5493551649565,)
(-2434.4145546767168,)
(-2434.4145546767168,)
(-2434.406868579733,)
(-2434.406868579733,)
(-2434.406868579733,)
(-2434.406868579733,)
(-2433.016614668045,)
(-2427.488446109845,)
(-2427.488446109845,)
(-2427.488446109845,)
(-2426.1227154072053,)
(-2425.789476105509,)
(-2422.717331908077,)
(-2422.717331908077,)
(-2421.0340568922675,)
(-2417.511178146987,)
(-2411.722100171098,)
(-2411.6025564663764,)
(-2411.6025564663764,)
(-2411.6025564663764,)
(-2411.6025564663764,)
(-2846.247663439754,)
(-2827.888583432332,)
(-2827.888583432332,)
(-2813.6289670251754,)
(-2813.6289670251754,)
(-2765.850196058182,)
(-2762.3520664227376,)
(-2762.3520664227376,)
(-2762.3520664227376,)
(-2762.3520664227376,)
(-2723.7158872482614,)
(-2723.7158872482614,)
(-2723.7158872482614,)
(-2720.194623585141,)
(-2713.469470307154,)
(-2710.1424453663235,)
(-2703.6037723538593,)
(-2703.6037723538593,)
(-2693.997229575005,)
(-2690.5556718960775,)
(-2655.596504099793,)
(-2639.400930492345,)
(-2613.0252414713664,)
(-2601.5874245118007,)
(-2567.4847590719182,)
(-2565.9002737332225,)
(-2528.2347274843733,)
(-2528.2347274843733,)
(-2528.2347274843733,)
(-2528.2347274843733,)
(-2528.2347274843733,)
(-2528.2347274843733,)
(-2528.2347274843733,)
(-2528.2347274843733,)
(-2525.4136011181963,)
(-2525.4136011181963,)
(-2525.4136011181963,)
(-2525.4136011181963,)
(-2525.4136011181963,)
(-2507.5397970040704,)
(-2507.5397970040704,)
(-2507.5397970040704,)
(-2503.020478069556,)
(-2503.020478069556,)
(-2503.020478069556,)
(-2500.2588435572006,)
(-2500.2588435572006,)
(-2500.2588435572006,)
(-2500.2588435572006,)
(-2498.8609035485288,)
(-2498.8609035485288,)
(-2498.8609035485288,)
(-2498.8609035485288,)
(-2494.0137298737795,)
(-2494.0137298737795,)
(-2494.0137298737795,)
(-2494.0137298737795,)
(-2494.0137298737795,)
(-2494.0137298737795,)
(-2494.0137298737795,)
(-2492.5188798521,)
(-2492.5188798521,)
(-2492.5188798521,)
(-2465.7030396213704,)
(-2465.7030396213704,)
(-2465.7030396213704,)
(-2461.009464648921,)
(-2461.009464648921,)
(-2461.009464648921,)
(-2461.009464648921,)
(-2432.3613006520573,)
(-2432.3613006520573,)
(-2432.3613006520573,)
(-2432.3613006520573,)
(-2431.486239388666,)
(-2431.486239388666,)
(-2423.8084586833993,)
(-2416.5538698898063,)
(-2416.5538698898063,)
(-2416.1106624977074,)
(-2415.9060524079177,)
(-2415.2582349260283,)
(-2415.2582349260283,)
(-2412.1694151258193,)
(-2412.1694151258193,)
(-2412.1694151258193,)
(-2412.1694151258193,)
(-2412.1694151258193,)
(-2411.4704451214834,)
(-2411.4704451214834,)
(-2411.4704451214834,)
(-2411.4704451214834,)
(-2411.4704451214834,)
(-2411.4704451214834,)
(-2411.4704451214834,)
(-2411.4704451214834,)
(-2409.567355134491,)
(-2409.567355134491,)
(-2409.567355134491,)
(-2404.086613509236,)
(-2802.382901326757,)
(-2802.382901326757,)
(-2775.0656139975267,)
(-2775.0656139975267,)
(-2772.220918947462,)
(-2688.5411565061563,)
(-2688.5411565061563,)
(-2688.5411565061563,)
(-2688.5411565061563,)
(-2688.5411565061563,)
(-2688.5411565061563,)
(-2688.5411565061563,)
(-2683.0240412801336,)
(-2681.501162534854,)
(-2681.501162534854,)
(-2679.7230112844695,)
(-2679.7230112844695,)
(-2679.7230112844695,)
(-2679.7230112844695,)
(-2661.398489002588,)
(-2658.5282496589757,)
(-2654.1936083387995,)
(-2640.397728321455,)
(-2640.397728321455,)
(-2640.397728321455,)
(-2636.0141310215226,)
(-2635.13570468219,)
(-2633.107856876935,)
(-2633.107856876935,)
(-2586.742325915668,)
(-2586.742325915668,)
(-2586.742325915668,)
(-2586.742325915668,)
(-2586.742325915668,)
(-2586.742325915668,)
(-2586.742325915668,)
(-2585.7418947810934,)
(-2583.139834789766,)
(-2581.44086478543,)
(-2578.306166211532,)
(-2578.306166211532,)
(-2545.851715687719,)
(-2536.6298669381026,)
(-2536.6298669381026,)
(-2536.6298669381026,)
(-2536.6298669381026,)
(-2536.6298669381026,)
(-2536.6298669381026,)
(-2532.6219858579284,)
(-2531.746924594537,)
(-2529.6327759217015,)
(-2529.6237832417696,)
(-2525.795467230542,)
(-2517.4714943543754,)
(-2517.4714943543754,)
(-2511.7262254026004,)
(-2504.9028581185344,)
(-2503.3799793732546,)
(-2503.3799793732546,)
(-2503.3799793732546,)
(-2503.072757496591,)
(-2501.3397161932367,)
(-2490.715080667936,)
(-2490.2447988377467,)
(-2487.0830574532306,)
(-2487.0830574532306,)
(-2487.0830574532306,)
(-2487.0830574532306,)
(-2483.9491638739696,)
(-2477.429844939456,)
(-2477.429844939456,)
(-2477.429844939456,)
(-2477.429844939456,)
(-2477.429844939456,)
(-2471.028813222681,)
(-2471.028813222681,)
(-2471.028813222681,)
(-2470.0884524851176,)
(-2470.0884524851176,)
(-2459.5410373404306,)
(-2459.5410373404306,)
(-2459.5410373404306,)
(-2459.5410373404306,)
(-2459.5410373404306,)
(-2457.701302540219,)
(-2457.701302540219,)
(-2457.378961962358,)
(-2453.2049044817372,)
(-2453.2049044817372,)
(-2449.9443405889056,)
(-2449.9443405889056,)
(-2448.9512118055195,)
(-2439.1236369878366,)
(-2439.1236369878366,)
(-2439.1236369878366,)
(-2439.1236369878366,)
(-2439.1236369878366,)
(-2439.1236369878366,)
(-2439.1236369878366,)
(-2439.1236369878366,)
(-2893.126648683687,)
(-2893.126648683687,)
(-2893.126648683687,)
(-2820.0520317758615,)
(-2693.3519979906832,)
(-2693.3519979906832,)
(-2690.6590497302104,)
(-2690.6590497302104,)
(-2690.6590497302104,)
(-2690.6590497302104,)
(-2690.6590497302104,)
(-2673.133575082677,)
(-2673.133575082677,)
(-2673.133575082677,)
(-2671.31145724935,)
(-2671.31145724935,)
(-2671.31145724935,)
(-2671.31145724935,)
(-2671.31145724935,)
(-2671.31145724935,)
(-2600.617424802248,)
(-2600.617424802248,)
(-2600.617424802248,)
(-2600.617424802248,)
(-2600.617424802248,)
(-2600.617424802248,)
(-2600.617424802248,)
(-2599.918454797912,)
(-2599.918454797912,)
(-2599.918454797912,)
(-2599.918454797912,)
(-2599.918454797912,)
(-2597.0499794524885,)
(-2597.0499794524885,)
(-2588.1377146954824,)
(-2588.1377146954824,)
(-2588.1377146954824,)
(-2563.6008021308144,)
(-2563.6008021308144,)
(-2563.6008021308144,)
(-2563.6008021308144,)
(-2563.6008021308144,)
(-2563.6008021308144,)
(-2563.6008021308144,)
(-2563.6008021308144,)
(-2545.2230005417514,)
(-2545.2230005417514,)
(-2545.2230005417514,)
(-2545.2230005417514,)
(-2545.2230005417514,)
(-2545.2230005417514,)
(-2544.8492202571247,)
(-2543.991082766058,)
(-2536.482637852257,)
(-2536.482637852257,)
(-2534.626026393522,)
(-2534.626026393522,)
(-2518.0195642706053,)
(-2510.9123543009573,)
(-2510.9123543009573,)
(-2510.9123543009573,)
(-2510.9123543009573,)
(-2510.9123543009573,)
(-2510.9123543009573,)
(-2510.9123543009573,)
(-2503.4167302722103,)
(-2503.4167302722103,)
(-2498.9375721760284,)
(-2496.0813722477665,)
(-2490.6779348655227,)
(-2490.6779348655227,)
(-2488.526802626435,)
(-2473.830571087978,)
(-2471.927481100986,)
(-2471.927481100986,)
(-2467.983538548186,)
(-2439.102463534736,)
(-2439.102463534736,)
(-2439.102463534736,)
(-2439.102463534736,)
(-2439.102463534736,)
(-2437.9317673075675,)
(-2437.9317673075675,)
(-2437.9317673075675,)
(-2432.1304922583367,)
(-2429.5284322670086,)
(-2429.5284322670086,)
(-2429.5284322670086,)
(-2429.5284322670086,)
(-2429.5284322670086,)
(-2424.844667144065,)
(-2424.844667144065,)
(-2424.844667144065,)
(-2416.060521861897,)
(-2416.060521861897,)
(-2412.111674384345,)
(-2412.111674384345,)
(-2412.111674384345,)
(-2412.111674384345,)
(-2412.111674384345,)
(-2813.8052588590276,)
(-2813.8052588590276,)
(-2799.6742296628713,)
(-2754.936458374876,)
(-2754.936458374876,)
(-2721.630248120374,)
(-2635.9821944930254,)
(-2635.9821944930254,)
(-2635.9821944930254,)
(-2635.9821944930254,)
(-2629.720295396132,)
(-2629.720295396132,)
(-2629.720295396132,)
(-2620.6977371454595,)
(-2605.737397476148,)
(-2601.3394574674758,)
(-2601.3394574674758,)
(-2601.3394574674758,)
(-2597.659008215093,)
(-2588.490240757255,)
(-2588.490240757255,)
(-2588.490240757255,)
(-2564.2960809793344,)
(-2564.2960809793344,)
(-2564.2960809793344,)
(-2564.2960809793344,)
(-2548.213339922521,)
(-2548.213339922521,)
(-2548.213339922521,)
(-2548.213339922521,)
(-2548.213339922521,)
(-2548.213339922521,)
(-2548.213339922521,)
(-2548.213339922521,)
(-2545.9149267690805,)
(-2545.9149267690805,)
(-2545.9149267690805,)
(-2544.345909396261,)
(-2543.103460733365,)
(-2543.103460733365,)
(-2537.211405422743,)
(-2523.89988087006,)
(-2523.252063388171,)
(-2523.252063388171,)
(-2521.49887685647,)
(-2495.363168498141,)
(-2495.363168498141,)
(-2495.363168498141,)
(-2495.363168498141,)
(-2495.363168498141,)
(-2495.363168498141,)
(-2486.1413197485244,)
(-2486.1413197485244,)
(-2486.1413197485244,)
(-2472.825649455892,)
(-2472.825649455892,)
(-2472.825649455892,)
(-2472.825649455892,)
(-2472.825649455892,)
(-2472.825649455892,)
(-2472.825649455892,)
(-2472.825649455892,)
(-2472.825649455892,)
(-2472.825649455892,)
(-2472.825649455892,)
(-2472.825649455892,)
(-2464.3347518524024,)
(-2464.3347518524024,)
(-2462.9048307019398,)
(-2450.7764257027766,)
(-2450.7764257027766,)
(-2450.7764257027766,)
(-2450.134003252775,)
(-2441.55457695316,)
(-2438.719878148443,)
(-2438.719878148443,)
(-2438.719878148443,)
(-2438.719878148443,)
(-2438.719878148443,)
(-2438.719878148443,)
(-2436.2099225240263,)
(-2436.2099225240263,)
(-2432.622968135435,)
(-2432.622968135435,)
(-2432.622968135435,)
(-2428.3219381397703,)
(-2428.3219381397703,)
(-2428.3219381397703,)
(-2422.669063949921,)
(-2422.669063949921,)
(-2413.883729998144,)
(-2413.883729998144,)
(-2413.883729998144,)
(-2410.123061405793,)
(-2409.8734300415044,)
(-2409.8734300415044,)
(-2409.1561468373543,)
(-2409.1561468373543,)
(-2406.8276725509436,)
(-2406.8276725509436,)
