(-2831.306859891306,)

(-2780.093437560905,)

(-2766.167223775066,)

(-2717.9961552380387,)

(-2687.4677378687115,)

(-2896.9278314819294,)

(-2641.172608333784,)

(-2757.351342112841,)

(-2624.850169804402,)

(-2714.4386477638677,)

(-2603.528621535147,)

(-2665.92609964173,)

(-2567.036352286658,)

(-2634.8467509470734,)

(-2549.2916247917615,)

(-2614.0932495278694,)

(-2522.249690213627,)

(-2593.673553262953,)

(-2515.9377708755337,)

(-2557.893930124355,)

(-2508.1918386794987,)

(-2529.085263815092,)

(-2500.6184503348823,)

(-2503.806662190613,)

(-2489.1970870734863,)

(-2491.3999482576332,)

(-2468.12585067445,)

(-2467.3683597232675,)

(-2458.889832968639,)

(-2461.382347761116,)

(-2452.748919046502,)

(-2440.182736176022,)

(-2440.338645302757,)

(-2433.7143712066418,)

(-2431.1955682989737,)

(-2411.2072867285447,)

(-2422.0797653233644,)

(-2402.800263606777,)

(-2405.715877039027,)

(-2391.227737694047,)

(-2403.215532706803,)

(-2381.228666544606,)

(-2399.335054102492,)

(-2374.5350915721565,)

(-2391.6649994560803,)

(-2363.9832822612875,)

(-2382.143459061572,)

(-2374.3933365347893,)

(-2345.214120862491,)

(-2365.886742163825,)

(-2337.3971508247346,)

(-2361.0876465334386,)

(-2332.486731306078,)

(-2353.6781430938277,)

(-2322.094186329293,)

(-2346.5581092819725,)

(-2312.3796029761193,)

(-2340.621414621149,)

(-2307.726390462344,)

(-2332.5103799654485,)

(-2305.328450453672,)

(-2321.1002055003596,)

(-2297.3662390145614,)

(-2314.5218094272304,)

(-2291.445420260609,)

(-2302.32133089503,)

(-2289.6269065515517,)

(-2296.4182409080377,)

(-2285.7238165645595,)

(-2291.7881521931095,)

(-2283.368255154027,)

(-2287.1580634781812,)

(-2279.276740172906,)

(-2286.3353189328786,)

(-2272.480860155562,)

(-2281.194276740299,)

(-2261.0037389008417,)

(-2271.753940494519,)

(-2255.7263728233747,)

(-2269.280279771909,)

(-2252.976250296591,)

(-2259.2571559730623,)

(-2252.338732771342,)

(-2258.211398482501,)

(-2250.2929752807822,)

(-2251.946024578072,)

(-2247.514824030399,)

(-2249.076358346567,)

(-2242.594005276446,)

(-2247.5534796012867,)

(-2239.6328240638195,)

(-2247.5534796012867,)

(-2233.9392490913706,)

(-2243.5974355325775,)

(-2231.842339078363,)

(-2236.7947160907042,)

(-2231.2683078106347,)

(-2227.7947160907042,)

(-2225.824610311402,)

(-2219.618624831648,)

(-2221.0007015704573,)

(-2216.317594835984,)

(-2220.0464590610186,)

(-2210.9570322850705,)

(-2217.4827277499303,)

(-2208.9607730141825,)

(-2216.5313563868103,)

(-2205.6601048552093,)

(-2215.133416378138,)

(-2201.3999274253533,)

(-2205.5631948421997,)

(-2196.1539715995937,)

(-2200.6757998437347,)

(-2193.2735153043154,)

(-2199.173173750982,)

(-2188.893304062603,)

(-2195.8839873832585,)

(-2186.4215778397706,)

(-2192.4122611604253,)

(-2182.0537003331324,)

(-2188.3707345061102,)

(-2179.2632153476757,)

(-2186.8990082832765,)

(-2176.7860940929554,)

(-2185.20003827894,)

(-2175.790999017709,)

(-2183.5290969982047,)

(-2173.824422773196,)

(-2181.2738244931015,)

(-2173.1642715562334,)

(-2178.3707345061093,)

(-2171.6079690554666,)

(-2176.1488857564927,)

(-2171.4933302754985,)

(-2171.7612457044615,)

(-2171.1923002798335,)

(-2171.0622757001256,)

(-2171.1923002798335,)

(-2165.8404269505086,)

(-2169.8858752522833,)

(-2163.368700727676,)

(-2169.8858752522833,)

(-2161.0396420084116,)

(-2169.8858752522833,)

(-2156.999279549738,)

(-2169.8858752522833,)

(-2152.828583322569,)

(-2169.8858752522833,)

