(-2687.319986779407,)
(-2652.3627951091976,)
(-2652.3627951091976,)
(-2639.894926990492,)
(-2589.413551561843,)
(-2556.104613300378,)
(-2530.146388504266,)
(-2505.7249247118643,)
(-2500.7760772343113,)
(-2477.732837173065,)
(-2438.5105788153082,)
(-2424.8509818368757,)
(-2413.62714623185,)
(-2407.3980371977264,)
(-2364.860168179957,)
(-2364.860168179957,)
(-2357.86849709226,)
(-2351.9614344754273,)
(-2346.5220726464613,)
(-2335.213232078194,)
(-2318.8487158250086,)
(-2318.0528358076645,)
(-2282.015925725184,)
(-2276.0668799948817,)
(-2267.061683215745,)
(-2266.760653220081,)
(-2262.4596232244166,)
(-2256.0719831723845,)
(-2256.0719831723845,)
(-2253.584363708275,)
(-2248.2401378750183,)
(-2248.2401378750183,)
(-2241.06657050153,)
(-2239.4467817432414,)
(-2235.339571773594,)
(-2231.334766127497,)
(-2226.694625742587,)
(-2226.694625742587,)
(-2217.6159346036725,)
(-2215.394085854056,)
(-2214.6236433064323,)
(-2211.3737658332157,)
(-2209.028813872674,)
(-2202.4989964242077,)
(-2202.4989964242077,)
(-2201.6750876832634,)
(-2197.137240381303,)
(-2197.137240381303,)
(-2189.3585436174176,)
(-2186.614306229654,)
(-2184.1400561212536,)
(-2182.8390261255895,)
(-2182.4410861169176,)
(-2181.048051032999,)
(-2177.718992313735,)
(-2176.8950835727906,)
(-2175.0051646887578,)
(-2173.482285943477,)
(-2173.0100696135105,)
(-2169.58122973492,)
(-2167.147832192326,)
(-2165.7164684281674,)
(-2163.829073429702,)
(-2163.829073429702,)
(-2163.4547473270104,)
(-2162.5796860636187,)
(-2161.8626781035346,)
(-2160.1814368661585,)
(-2158.135988564386,)
(-2157.43701856005,)
(-2156.68150100138,)
(-2155.312260741787,)
(-2153.2547329731865,)
(-2153.1253794189583,)
(-2152.5557629688506,)
(-2150.5154005101763,)
(-2149.6305293972787,)
(-2149.6305293972787,)
(-2148.533619384271,)
(-2147.3953666983207,)
(-2146.0667980861904,)
(-2145.176041834272,)
(-2143.6531630889917,)
(-2143.6531630889917,)
(-2143.4135855724157,)
(-2142.571457957377,)
(-2141.8213354305935,)
(-2140.4927668184637,)
(-2139.3958568054554,)
(-2137.8729780601752,)
(-2137.1740080558393,)
(-2135.378128038495,)
(-2135.378128038495,)
(-2134.6791580341587,)
(-2133.5207955420638,)
(-2130.4804330833904,)
(-2130.4804330833904,)
(-2130.4804330833904,)
(-2129.730310556606,)
(-2127.934430539262,)
