(-2688.5811088606506,)

(-2605.674192997189,)

(-2579.501500541874,)

(-2530.805991069648,)

(-2496.683571265671,)

(-2480.4800942061256,)

(-2702.296983957303,)

(-2465.1907025178743,)

(-2672.6244064801535,)

(-2450.671185026047,)

(-2638.292663140636,)

(-2432.7450255328567,)

(-2613.439964994958,)

(-2412.361972279964,)

(-2581.5949485946317,)

(-2404.017200933206,)

(-2567.7792458629087,)

(-2390.1946129040666,)

(-2501.5256465074012,)

(-2382.6992727752527,)

(-2480.697372961054,)

(-2368.393877974186,)

(-2454.4327094426685,)

(-2358.5010879438328,)

(-2438.979916687934,)

(-2344.0800241363136,)

(-2421.554488075013,)

(-2342.594443844789,)

(-2409.3034464061557,)

(-2338.2408169340347,)

(-2393.3807747921146,)

(-2330.3171270337625,)

(-2372.6130227770273,)

(-2315.4733394172345,)

(-2366.5161127640195,)

(-2305.7620356778243,)

(-2359.1181727553467,)

(-2296.397938700381,)

(-2341.219987693108,)

(-2292.7501212184925,)

(-2337.0950489565002,)

(-2276.257323302087,)

(-2267.3925619953347,)

(-2328.468239855336,)

(-2263.267623258726,)

(-2305.7147384361315,)

(-2257.137289490231,)

(-2293.799314714066,)

(-2251.9897170619092,)

(-2287.7024047010573,)

(-2238.9834212818337,)

(-2282.2636121265773,)

