(-2679.167688576428,)
(-2679.167688576428,)
(-2641.676175348436,)
(-2639.102144080709,)
(-2639.102144080709,)
(-2625.9558422924847,)
(-2624.2568722881488,)
(-2624.2568722881488,)
(-2622.9100848019243,)
(-2608.0563865901486,)
(-2605.2439825069814,)
(-2605.2439825069814,)
(-2605.2439825069814,)
(-2605.2439825069814,)
(-2605.2439825069814,)
(-2605.2439825069814,)
(-2596.6310212512954,)
(-2585.044475330148,)
(-2470.7737661586643,)
(-2470.7737661586643,)
(-2470.1614062106964,)
(-2468.574595414264,)
(-2468.574595414264,)
(-2468.574595414264,)
(-2461.1939433318594,)
(-2461.1939433318594,)
(-2461.1939433318594,)
(-2461.1939433318594,)
(-2461.1939433318594,)
(-2440.2051742363255,)
(-2440.2051742363255,)
(-2440.2051742363255,)
(-2440.2051742363255,)
(-2440.2051742363255,)
(-2440.2051742363255,)
(-2440.2051742363255,)
(-2440.2051742363255,)
(-2440.2051742363255,)
(-2440.2051742363255,)
(-2433.6629344715093,)
(-2431.7112391510836,)
(-2431.7112391510836,)
(-2426.904569069966,)
(-2426.904569069966,)
(-2423.529253365171,)
(-2422.121013399859,)
(-2422.121013399859,)
(-2391.3818079301827,)
(-2387.753245247587,)
(-2387.753245247587,)
(-2387.753245247587,)
(-2387.753245247587,)
(-2387.753245247587,)
(-2387.753245247587,)
(-2387.753245247587,)
(-2387.753245247587,)
(-2387.753245247587,)
(-2386.4167577180024,)
(-2386.4167577180024,)
(-2386.4167577180024,)
(-2379.162322580784,)
(-2379.162322580784,)
(-2379.162322580784,)
(-2368.663400177949,)
(-2367.964430173613,)
(-2367.964430173613,)
(-2367.964430173613,)
(-2367.964430173613,)
(-2367.964430173613,)
(-2367.964430173613,)
(-2365.4897335258042,)
(-2362.5870900782206,)
(-2359.8129912414715,)
(-2359.8129912414715,)
(-2359.8129912414715,)
(-2358.8072622160284,)
(-2358.8072622160284,)
(-2358.8072622160284,)
(-2358.1082922116925,)
(-2354.719692340049,)
(-2354.719692340049,)
(-2354.719692340049,)
(-2354.719692340049,)
(-2343.7033566649134,)
(-2343.7033566649134,)
(-2343.7033566649134,)
(-2343.7033566649134,)
(-2338.305416656241,)
(-2338.305416656241,)
(-2338.305416656241,)
(-2337.650704784668,)
(-2337.650704784668,)
(-2330.95323413813,)
(-2330.95323413813,)
(-2330.95323413813,)
(-2329.555294129458,)
(-2329.555294129458,)
(-2329.555294129458,)
(-2329.555294129458,)
(-2329.555294129458,)
(-2674.6137781045336,)
(-2674.6137781045336,)
(-2674.6137781045336,)
(-2674.6137781045336,)
(-2674.6137781045336,)
(-2658.6970195497743,)
(-2652.480846029046,)
(-2652.480846029046,)
(-2652.480846029046,)
(-2652.480846029046,)
(-2636.0190579261634,)
(-2633.4169979348353,)
(-2629.4417470446715,)
(-2610.1295372212576,)
(-2610.1295372212576,)
(-2610.1295372212576,)
(-2537.8706021754,)
(-2537.8706021754,)
(-2536.4726621667282,)
(-2536.4726621667282,)
(-2536.4726621667282,)
(-2536.4726621667282,)
(-2536.1675646141966,)
(-2536.1675646141966,)
(-2536.1675646141966,)
(-2536.1675646141966,)
(-2534.4992721077188,)
(-2534.4992721077188,)
(-2532.40164782023,)
(-2532.40164782023,)
(-2526.402362094711,)
(-2525.8670312879253,)
(-2519.8794833494303,)
(-2515.9741778603925,)
(-2515.78095010934,)
(-2507.471146189369,)
(-2507.210968759513,)
(-2501.747957147495,)
(-2501.747957147495,)
(-2499.419351633229,)
(-2491.9994616443537,)
(-2488.5727035007817,)
(-2486.0828641036433,)
(-2486.0828641036433,)
(-2480.4076012653977,)
(-2472.988723639821,)
(-2472.988723639821,)
(-2472.988723639821,)
(-2472.988723639821,)
(-2463.9195409992226,)
(-2427.568404930214,)
(-2422.405418539282,)
(-2411.5386343298487,)
(-2411.5386343298487,)
(-2410.839664325513,)
(-2410.839664325513,)
(-2410.839664325513,)
(-2410.839664325513,)
(-2410.839664325513,)
(-2410.839664325513,)
(-2410.839664325513,)
(-2410.839664325513,)
(-2410.839664325513,)
(-2410.839664325513,)
(-2410.839664325513,)
(-2402.213497258044,)
(-2402.213497258044,)
(-2402.213497258044,)
(-2402.213497258044,)
(-2402.213497258044,)
(-2401.4353460076595,)
(-2397.847125687567,)
(-2393.6393377198724,)
(-2393.3144871049967,)
(-2393.3144871049967,)
(-2389.9957283423723,)
(-2389.9957283423723,)
(-2389.9957283423723,)
(-2388.019677232027,)
(-2383.411852216203,)
(-2376.604727036887,)
(-2376.604727036887,)
(-2376.604727036887,)
(-2373.826102125077,)
(-2369.0050390045667,)
(-2369.0050390045667,)
(-2369.0050390045667,)
(-2352.0669431159513,)
(-2347.942004379343,)
(-2347.942004379343,)
(-2347.942004379343,)
(-2341.4756731883967,)
(-2341.4756731883967,)
(-2341.4756731883967,)
(-2341.4756731883967,)
(-2341.4756731883967,)
(-2341.4756731883967,)
(-2341.4756731883967,)
(-2341.4756731883967,)
(-2341.4756731883967,)
(-2650.6644652119066,)
(-2595.1393370793467,)
(-2595.1393370793467,)
(-2595.1393370793467,)
(-2595.1393370793467,)
(-2595.1393370793467,)
(-2595.1393370793467,)
(-2595.1393370793467,)
(-2595.1393370793467,)
(-2595.1393370793467,)
(-2595.1393370793467,)
(-2595.1393370793467,)
(-2581.52017956315,)
(-2581.52017956315,)
(-2575.8222061525767,)
(-2575.8222061525767,)
(-2575.8222061525767,)
(-2536.4009370245303,)
(-2536.4009370245303,)
(-2536.4009370245303,)
(-2536.4009370245303,)
(-2536.4009370245303,)
(-2536.4009370245303,)
(-2536.4009370245303,)
(-2536.4009370245303,)
(-2536.4009370245303,)
(-2536.4009370245303,)
(-2523.078646763928,)
(-2512.5096583143977,)
(-2482.588839560445,)
(-2480.8898695561093,)
(-2480.8898695561093,)
(-2480.8898695561093,)
(-2480.8898695561093,)
(-2480.8898695561093,)
(-2477.8297146027758,)
(-2477.8297146027758,)
(-2477.8297146027758,)
(-2462.943449109451,)
(-2449.9512535436147,)
(-2449.9512535436147,)
(-2449.9512535436147,)
(-2449.9512535436147,)
(-2444.5040955122713,)
(-2444.5040955122713,)
(-2444.5040955122713,)
(-2443.6801867713266,)
(-2443.6801867713266,)
(-2433.5655479913585,)
(-2433.5655479913585,)
(-2433.5655479913585,)
(-2427.8495202455415,)
(-2427.8495202455415,)
(-2412.6570479931997,)
(-2395.4385102594656,)
(-2393.4050865039785,)
(-2390.919777011807,)
(-2384.1374537575157,)
(-2384.1374537575157,)
(-2384.1374537575157,)
(-2380.22463043952,)
(-2380.22463043952,)
(-2380.22463043952,)
(-2380.22463043952,)
(-2380.22463043952,)
(-2378.582000564888,)
(-2369.446208615136,)
(-2369.446208615136,)
(-2369.446208615136,)
(-2369.446208615136,)
(-2369.446208615136,)
(-2368.312810841723,)
(-2367.983531560676,)
(-2363.34007888419,)
(-2362.470412652685,)
(-2360.3451188891286,)
(-2357.424655162124,)
(-2357.424655162124,)
(-2357.424655162124,)
(-2351.026360126504,)
(-2351.026360126504,)
(-2351.026360126504,)
(-2351.026360126504,)
(-2346.6336342313734,)
(-2346.4252079018415,)
(-2346.0364791647985,)
(-2343.5786654691838,)
(-2337.405077709133,)
(-2333.609565339103,)
(-2332.691064245975,)
(-2332.691064245975,)
(-2324.2267668334625,)
(-2324.2267668334625,)
(-2324.2267668334625,)
(-2324.2267668334625,)
(-2312.182511415193,)
(-2312.182511415193,)
(-2312.182511415193,)
(-2312.182511415193,)
(-2312.182511415193,)
(-2736.640457217015,)
(-2736.640457217015,)
(-2684.637510684707,)
(-2680.2134349205753,)
(-2650.1490276193936,)
(-2650.1490276193936,)
(-2551.837028338071,)
(-2551.837028338071,)
(-2551.837028338071,)
(-2551.837028338071,)
(-2551.837028338071,)
(-2547.5586636114595,)
(-2544.52030335388,)
(-2544.52030335388,)
(-2544.52030335388,)
(-2544.52030335388,)
(-2526.7814422444035,)
(-2526.7814422444035,)
(-2526.7814422444035,)
(-2526.7814422444035,)
(-2518.7145313531255,)
(-2518.7145313531255,)
(-2518.7145313531255,)
(-2492.2579528059105,)
(-2492.2579528059105,)
(-2492.2579528059105,)
(-2492.2579528059105,)
(-2492.2579528059105,)
(-2492.2579528059105,)
(-2492.2579528059105,)
(-2481.3868644907943,)
(-2481.3868644907943,)
(-2480.2352691373303,)
(-2474.4202519261903,)
(-2474.4202519261903,)
(-2474.4202519261903,)
(-2474.4202519261903,)
(-2468.371020246744,)
(-2468.371020246744,)
(-2466.672050242408,)
(-2466.672050242408,)
(-2466.672050242408,)
(-2465.1984031765737,)
(-2463.788228711484,)
(-2463.788228711484,)
(-2428.215529005307,)
(-2428.215529005307,)
(-2428.215529005307,)
(-2428.215529005307,)
(-2428.215529005307,)
(-2428.215529005307,)
(-2411.342285324068,)
(-2411.342285324068,)
(-2411.342285324068,)
(-2411.342285324068,)
(-2411.342285324068,)
(-2411.342285324068,)
(-2411.342285324068,)
(-2411.342285324068,)
(-2411.342285324068,)
(-2411.342285324068,)
(-2396.228660757109,)
(-2391.6284183479347,)
(-2389.753357084543,)
(-2389.753357084543,)
(-2389.753357084543,)
(-2389.753357084543,)
(-2389.753357084543,)
(-2389.753357084543,)
(-2388.188661087435,)
(-2388.188661087435,)
(-2388.188661087435,)
(-2387.28163086171,)
(-2387.28163086171,)
(-2387.28163086171,)
(-2387.28163086171,)
(-2387.28163086171,)
(-2387.28163086171,)
(-2382.362245067122,)
(-2372.8073530501256,)
(-2372.5343517780607,)
(-2372.5343517780607,)
(-2371.1083830457897,)
(-2371.011473032781,)
(-2371.011473032781,)
(-2371.011473032781,)
(-2371.011473032781,)
(-2371.003724664892,)
(-2370.9322917867335,)
(-2370.0829059109396,)
(-2368.5482568622315,)
(-2366.0588058221133,)
(-2366.0588058221133,)
(-2366.0588058221133,)
(-2365.5281747592685,)
(-2365.5281747592685,)
(-2360.4542254074313,)
(-2359.493117800538,)
(-2358.3455453722154,)
(-2357.971272950196,)
(-2586.8695252900143,)
(-2586.8695252900143,)
(-2586.8695252900143,)
(-2586.8695252900143,)
(-2586.8695252900143,)
(-2586.8695252900143,)
(-2586.8695252900143,)
(-2580.0002732606335,)
(-2565.5619707932874,)
(-2565.5619707932874,)
(-2565.5619707932874,)
(-2565.5619707932874,)
(-2565.5619707932874,)
(-2565.5619707932874,)
(-2565.5619707932874,)
(-2509.833720788598,)
(-2509.833720788598,)
(-2509.833720788598,)
(-2509.833720788598,)
(-2509.833720788598,)
(-2509.833720788598,)
(-2509.833720788598,)
(-2509.833720788598,)
(-2509.833720788598,)
(-2509.833720788598,)
(-2505.986688248806,)
(-2504.5149620259735,)
(-2504.5149620259735,)
(-2504.5149620259735,)
(-2504.5149620259735,)
(-2504.5149620259735,)
(-2504.5149620259735,)
(-2504.5149620259735,)
(-2504.5149620259735,)
(-2504.5149620259735,)
(-2504.5149620259735,)
(-2504.5149620259735,)
(-2501.157384475974,)
(-2501.157384475974,)
(-2500.4065526647482,)
(-2486.100127637198,)
(-2456.2991941808395,)
(-2455.3169229477994,)
(-2445.1742554442308,)
(-2445.1742554442308,)
(-2445.1742554442308,)
(-2445.1742554442308,)
(-2439.7228811525824,)
(-2439.7228811525824,)
(-2439.7228811525824,)
(-2439.7228811525824,)
(-2439.7228811525824,)
(-2435.001277456533,)
(-2434.229160636043,)
(-2429.1834031454823,)
(-2429.1834031454823,)
(-2429.1834031454823,)
(-2428.2802072708405,)
(-2416.7721606795203,)
(-2406.181875174222,)
(-2406.181875174222,)
(-2403.873975617281,)
(-2403.873975617281,)
(-2394.96796521753,)
(-2394.268995213194,)
(-2394.268995213194,)
(-2394.268995213194,)
(-2394.268995213194,)
(-2394.2333701331345,)
(-2388.094523566413,)
(-2388.094523566413,)
(-2366.7919634608024,)
(-2366.7919634608024,)
(-2366.7919634608024,)
(-2366.7919634608024,)
(-2364.617036397388,)
(-2364.617036397388,)
(-2364.617036397388,)
(-2364.617036397388,)
(-2363.8857060768014,)
(-2359.936858599249,)
(-2349.678451980633,)
(-2349.678451980633,)
(-2344.248437121977,)
(-2344.248437121977,)
(-2344.248437121977,)
(-2341.6060925201473,)
(-2341.6060925201473,)
(-2340.6164139072716,)
(-2335.239312891179,)
(-2335.239312891179,)
(-2328.6395162756344,)
(-2328.6395162756344,)
(-2328.6395162756344,)
(-2328.36062986455,)
(-2324.6934662087688,)
(-2324.6934662087688,)
(-2324.6934662087688,)
(-2312.74282914336,)
(-2312.74282914336,)
(-2649.61377698514,)
(-2635.396078521542,)
(-2635.396078521542,)
(-2635.396078521542,)
(-2635.396078521542,)
(-2635.396078521542,)
(-2511.1702957172324,)
(-2511.1702957172324,)
(-2504.729028523625,)
(-2504.729028523625,)
(-2504.729028523625,)
(-2482.362122748693,)
(-2482.362122748693,)
(-2482.362122748693,)
(-2475.0286992240262,)
(-2475.0286992240262,)
(-2475.0286992240262,)
(-2475.0286992240262,)
(-2475.0286992240262,)
(-2475.0286992240262,)
(-2473.312490559864,)
(-2473.312490559864,)
(-2467.8806508768193,)
(-2467.8806508768193,)
(-2466.874173113897,)
(-2461.216595794719,)
(-2461.216595794719,)
(-2461.216595794719,)
(-2461.216595794719,)
(-2461.216595794719,)
(-2461.216595794719,)
(-2461.216595794719,)
(-2461.216595794719,)
(-2452.4752550424014,)
(-2432.998133787682,)
(-2432.998133787682,)
(-2432.998133787682,)
(-2432.998133787682,)
(-2432.998133787682,)
(-2432.998133787682,)
(-2432.998133787682,)
(-2432.998133787682,)
(-2432.998133787682,)
(-2423.0515177617735,)
(-2410.6059427974296,)
(-2404.5725190419425,)
(-2404.5725190419425,)
(-2404.5725190419425,)
(-2404.5725190419425,)
(-2404.5725190419425,)
(-2388.7212245005085,)
(-2388.7212245005085,)
(-2388.7212245005085,)
(-2388.7212245005085,)
(-2379.671577333059,)
(-2379.671577333059,)
(-2379.671577333059,)
(-2379.671577333059,)
(-2379.671577333059,)
(-2379.671577333059,)
(-2379.671577333059,)
(-2370.0701602648414,)
(-2370.0701602648414,)
(-2361.1632012782948,)
(-2361.1632012782948,)
(-2361.1632012782948,)
(-2361.1632012782948,)
(-2361.1632012782948,)
(-2361.1632012782948,)
(-2361.1632012782948,)
(-2361.1632012782948,)
(-2353.2021193443247,)
(-2353.2021193443247,)
(-2353.2021193443247,)
(-2353.2021193443247,)
(-2353.2021193443247,)
(-2353.2021193443247,)
(-2353.2021193443247,)
(-2353.2021193443247,)
(-2353.2021193443247,)
(-2348.8656318147396,)
(-2348.8656318147396,)
(-2348.8656318147396,)
(-2348.8656318147396,)
(-2348.8656318147396,)
(-2336.1732959144065,)
(-2336.1732959144065,)
(-2336.1732959144065,)
(-2336.1732959144065,)
(-2336.1732959144065,)
(-2335.1836951497025,)
(-2334.0025996872373,)
(-2334.0025996872373,)
(-2334.0025996872373,)
(-2325.4512021112228,)
(-2325.4512021112228,)
(-2325.4512021112228,)
(-2325.4512021112228,)
(-2325.4512021112228,)
(-2325.4512021112228,)
(-2702.4714009343725,)
(-2686.570935201068,)
(-2686.570935201068,)
(-2679.738705092662,)
(-2679.738705092662,)
(-2645.1755197619586,)
(-2617.6783532332774,)
(-2617.6783532332774,)
(-2617.6783532332774,)
(-2614.3773232376143,)
(-2611.2804132246056,)
(-2611.2804132246056,)
(-2611.2804132246056,)
(-2582.1011596276294,)
(-2582.1011596276294,)
(-2577.9742863912434,)
(-2577.9742863912434,)
(-2577.9742863912434,)
(-2533.4402210181006,)
(-2533.4402210181006,)
(-2533.4402210181006,)
(-2533.4402210181006,)
(-2512.767078511838,)
(-2500.5626737064213,)
(-2492.0233392914815,)
(-2492.0233392914815,)
(-2475.748977425277,)
(-2475.748977425277,)
(-2475.748977425277,)
(-2475.748977425277,)
(-2475.748977425277,)
(-2472.203745185285,)
(-2472.203745185285,)
(-2472.203745185285,)
(-2472.203745185285,)
(-2465.143467614304,)
(-2465.143467614304,)
(-2465.143467614304,)
(-2464.3394739856667,)
(-2464.3394739856667,)
(-2464.3394739856667,)
(-2462.925222988957,)
(-2462.925222988957,)
(-2458.356586753115,)
(-2458.356586753115,)
(-2439.3784481063135,)
(-2439.3784481063135,)
(-2439.3784481063135,)
(-2434.118006746088,)
(-2434.118006746088,)
(-2434.118006746088,)
(-2434.118006746088,)
(-2409.6236841577283,)
(-2403.0550479218873,)
(-2403.0550479218873,)
(-2403.0550479218873,)
(-2403.0550479218873,)
(-2403.0550479218873,)
(-2403.0550479218873,)
(-2403.0550479218873,)
(-2403.0550479218873,)
(-2403.0550479218873,)
(-2403.0550479218873,)
(-2383.939654503185,)
(-2383.939654503185,)
(-2383.939654503185,)
(-2383.939654503185,)
(-2383.344593490616,)
(-2370.35868453227,)
(-2370.35868453227,)
(-2370.35868453227,)
(-2366.7685560183786,)
(-2366.7685560183786,)
(-2366.7685560183786,)
(-2366.7685560183786,)
(-2364.5559650903956,)
(-2357.825990207038,)
(-2357.825990207038,)
(-2357.825990207038,)
(-2357.825990207038,)
(-2357.825990207038,)
(-2357.4280501983662,)
(-2357.4280501983662,)
(-2357.4280501983662,)
(-2351.804981826314,)
(-2340.933524687191,)
(-2340.933524687191,)
(-2340.933524687191,)
(-2340.933524687191,)
(-2340.933524687191,)
(-2340.933524687191,)
(-2340.933524687191,)
(-2340.933524687191,)
(-2336.5533134454795,)
(-2336.5533134454795,)
(-2336.5533134454795,)
(-2336.5533134454795,)
(-2336.5533134454795,)
(-2336.5533134454795,)
(-2336.5533134454795,)
(-2740.655023438732,)
(-2702.90591261631,)
(-2702.90591261631,)
(-2702.90591261631,)
(-2702.90591261631,)
(-2702.90591261631,)
(-2680.8845875722077,)
(-2662.5767082424454,)
(-2641.7649966317313,)
(-2641.7649966317313,)
(-2641.7649966317313,)
(-2641.7649966317313,)
(-2641.7649966317313,)
(-2641.7649966317313,)
(-2641.7649966317313,)
(-2641.7649966317313,)
(-2629.0667040858025,)
(-2600.7929699643064,)
(-2557.6433519014504,)
(-2551.192324870554,)
(-2551.192324870554,)
(-2551.192324870554,)
(-2551.192324870554,)
(-2551.192324870554,)
(-2538.3038996456044,)
(-2538.3038996456044,)
(-2538.3038996456044,)
(-2532.610324673155,)
(-2532.610324673155,)
(-2512.7911673993067,)
(-2501.5252154619047,)
(-2501.5252154619047,)
(-2501.5252154619047,)
(-2493.556794668067,)
(-2455.8464944806065,)
(-2455.8464944806065,)
(-2455.8464944806065,)
(-2455.8464944806065,)
(-2455.8464944806065,)
(-2450.016601321985,)
(-2450.016601321985,)
(-2450.016601321985,)
(-2450.016601321985,)
(-2450.016601321985,)
(-2450.016601321985,)
(-2439.676759526264,)
(-2438.1538807809834,)
(-2438.1538807809834,)
(-2438.1538807809834,)
(-2438.1538807809834,)
(-2438.1538807809834,)
(-2438.1538807809834,)
(-2438.1538807809834,)
(-2438.1538807809834,)
(-2438.1538807809834,)
(-2412.279000435937,)
(-2412.279000435937,)
(-2412.279000435937,)
(-2412.279000435937,)
(-2412.279000435937,)
(-2403.840457558378,)
(-2397.1684873397603,)
(-2397.1684873397603,)
(-2397.1684873397603,)
(-2374.7137722276548,)
(-2374.7137722276548,)
(-2374.7137722276548,)
(-2374.7137722276548,)
(-2367.969044732758,)
(-2367.969044732758,)
(-2367.969044732758,)
(-2366.248015846559,)
(-2365.870013602914,)
(-2364.521192338255,)
(-2364.521192338255,)
(-2356.9066879803786,)
(-2356.9066879803786,)
(-2356.9066879803786,)
(-2356.9066879803786,)
(-2356.9066879803786,)
(-2354.7515528638855,)
(-2354.7515528638855,)
(-2341.161960485482,)
(-2341.161960485482,)
(-2341.161960485482,)
(-2338.76402047681,)
(-2338.76402047681,)
(-2338.76402047681,)
(-2338.76402047681,)
(-2338.76402047681,)
(-2338.76402047681,)
(-2338.76402047681,)
(-2334.1410860739143,)
(-2332.842711615724,)
(-2332.842711615724,)
(-2332.842711615724,)
(-2332.842711615724,)
(-2332.2194446863573,)
(-2332.2194446863573,)
(-2320.770352155238,)
(-2682.6007070787164,)
(-2682.6007070787164,)
(-2625.849712302819,)
(-2586.8851059286976,)
(-2586.8851059286976,)
(-2586.8851059286976,)
(-2585.0892259113534,)
(-2585.0892259113534,)
(-2583.3110746609705,)
(-2583.3110746609705,)
(-2583.3110746609705,)
(-2581.5663471660737,)
(-2551.0789336642183,)
(-2548.4500086012267,)
(-2511.953487657914,)
(-2511.953487657914,)
(-2511.953487657914,)
(-2488.255189459522,)
(-2488.255189459522,)
(-2488.255189459522,)
(-2486.0411829059217,)
(-2457.2311113751653,)
(-2457.2311113751653,)
(-2457.2311113751653,)
(-2457.2311113751653,)
(-2457.2311113751653,)
(-2454.8331713664934,)
(-2454.8331713664934,)
(-2435.1502523135778,)
(-2435.1502523135778,)
(-2435.1502523135778,)
(-2435.1502523135778,)
(-2417.57984997533,)
(-2415.1574853673274,)
(-2415.1574853673274,)
(-2415.1574853673274,)
(-2398.8220280642263,)
(-2398.8220280642263,)
(-2398.8220280642263,)
(-2398.8220280642263,)
(-2398.8220280642263,)
(-2398.8220280642263,)
(-2397.2991493189456,)
(-2374.1108236034725,)
(-2374.1108236034725,)
(-2374.1108236034725,)
(-2374.093094836512,)
(-2374.093094836512,)
(-2373.4118535991365,)
(-2372.9982186019383,)
(-2372.9982186019383,)
(-2372.9982186019383,)
(-2372.9982186019383,)
(-2361.565311166479,)
(-2361.565311166479,)
(-2361.565311166479,)
(-2361.565311166479,)
(-2361.565311166479,)
(-2354.417995800274,)
(-2354.417995800274,)
(-2352.8951170549944,)
(-2349.013913590465,)
(-2349.013913590465,)
(-2349.013913590465,)
(-2345.8443815589376,)
(-2345.8443815589376,)
(-2330.5155583593955,)
(-2330.5155583593955,)
(-2330.5155583593955,)
(-2330.5155583593955,)
(-2330.5155583593955,)
(-2330.5155583593955,)
(-2330.5155583593955,)
(-2330.5155583593955,)
(-2330.5155583593955,)
(-2330.5155583593955,)
(-2330.5155583593955,)
(-2328.1654096197185,)
(-2328.1654096197185,)
(-2328.1654096197185,)
(-2328.1654096197185,)
(-2327.3728908558273,)
(-2324.642530874438,)
(-2322.1564371380973,)
(-2322.1564371380973,)
(-2322.1564371380973,)
(-2322.1564371380973,)
(-2322.1564371380973,)
(-2322.1564371380973,)
(-2308.473774846205,)
(-2308.473774846205,)
(-2308.473774846205,)
(-2308.473774846205,)
(-2308.473774846205,)
(-2308.473774846205,)
(-2301.2877028056323,)
(-2301.2877028056323,)
(-2300.5887328012964,)
(-2300.5887328012964,)
(-2300.5887328012964,)
(-2754.0519288089017,)
(-2753.1674403787724,)
(-2750.2015396857223,)
(-2614.407267371222,)
(-2614.407267371222,)
(-2601.0558668146277,)
(-2601.0558668146277,)
(-2601.0558668146277,)
(-2597.4647504216086,)
(-2550.4484465392766,)
(-2550.4484465392766,)
(-2550.4484465392766,)
(-2550.4484465392766,)
(-2550.4484465392766,)
(-2550.4484465392766,)
(-2550.4484465392766,)
(-2550.4484465392766,)
(-2542.1228848170977,)
(-2542.1228848170977,)
(-2526.0101537882947,)
(-2526.0101537882947,)
(-2526.0101537882947,)
(-2516.8912835632636,)
(-2505.635479079576,)
(-2505.635479079576,)
(-2496.9426773897508,)
(-2496.9426773897508,)
(-2496.9426773897508,)
(-2492.2143976330876,)
(-2486.7919398402073,)
(-2480.739119611377,)
(-2469.652690473354,)
(-2469.652690473354,)
(-2469.652690473354,)
(-2465.7264766875146,)
(-2464.7867718557895,)
(-2431.517533643897,)
(-2431.517533643897,)
(-2409.7802570442514,)
(-2396.3696520267868,)
(-2396.3696520267868,)
(-2396.3696520267868,)
(-2388.8606506878805,)
(-2388.8606506878805,)
(-2388.8606506878805,)
(-2388.8606506878805,)
(-2384.973255689415,)
(-2384.973255689415,)
(-2384.973255689415,)
(-2384.973255689415,)
(-2383.0023639059395,)
(-2383.0023639059395,)
(-2383.0023639059395,)
(-2383.0023639059395,)
(-2383.0023639059395,)
(-2383.0023639059395,)
(-2379.2064838885944,)
(-2379.2064838885944,)
(-2379.2064838885944,)
(-2379.2064838885944,)
(-2377.6836051433147,)
(-2377.6836051433147,)
(-2365.9288529358437,)
(-2364.2298829315073,)
(-2364.2298829315073,)
(-2364.2298829315073,)
(-2364.2298829315073,)
(-2364.2298829315073,)
(-2364.2298829315073,)
(-2364.2298829315073,)
(-2364.2298829315073,)
(-2364.2298829315073,)
(-2364.2298829315073,)
(-2357.303669145668,)
(-2357.303669145668,)
(-2357.303669145668,)
(-2353.8068846242113,)
(-2353.8068846242113,)
(-2353.8068846242113,)
(-2353.099059055879,)
(-2351.4089446155394,)
(-2351.400089051543,)
(-2350.0626472364484,)
(-2350.0626472364484,)
(-2350.0626472364484,)
(-2350.0626472364484,)
(-2349.8772103062624,)
(-2347.6647072277765,)
(-2347.6647072277765,)
(-2347.289891017951,)
(-2347.289891017951,)
(-2347.289891017951,)
(-2347.289891017951,)
(-2346.3302534766253,)
(-2345.7670122726713,)
(-2345.7670122726713,)
(-2343.44285847816,)
(-2343.44285847816,)
(-2343.44285847816,)
(-2339.420224786446,)
(-2733.8257249842363,)
(-2704.5136620539834,)
(-2704.5136620539834,)
(-2635.730898172312,)
(-2635.730898172312,)
(-2635.730898172312,)
(-2635.730898172312,)
(-2635.730898172312,)
(-2635.730898172312,)
(-2583.9716781889133,)
(-2576.3170912648015,)
(-2576.3170912648015,)
(-2576.3170912648015,)
(-2576.3170912648015,)
(-2517.6958611633954,)
(-2517.6958611633954,)
(-2517.6958611633954,)
(-2517.6958611633954,)
(-2517.6958611633954,)
(-2517.6958611633954,)
(-2517.6958611633954,)
(-2500.5409592034093,)
(-2494.51278688765,)
(-2494.51278688765,)
(-2476.6589149233278,)
(-2476.6589149233278,)
(-2476.6589149233278,)
(-2476.6589149233278,)
(-2471.3281397393075,)
(-2471.3281397393075,)
(-2471.3281397393075,)
(-2466.5093181644925,)
(-2450.98388783046,)
(-2450.98388783046,)
(-2450.98388783046,)
(-2450.98388783046,)
(-2450.98388783046,)
(-2440.7687724635034,)
(-2440.7687724635034,)
(-2440.7687724635034,)
(-2440.7687724635034,)
(-2440.7687724635034,)
(-2418.4291477880997,)
(-2413.7214038594566,)
(-2413.7214038594566,)
(-2401.6435609641812,)
(-2400.8196522232365,)
(-2400.8196522232365,)
(-2400.8196522232365,)
(-2400.8196522232365,)
(-2400.8196522232365,)
(-2400.8196522232365,)
(-2400.8196522232365,)
(-2395.329759901224,)
(-2395.329759901224,)
(-2394.6703467541793,)
(-2383.2644827360855,)
(-2383.2644827360855,)
(-2383.2644827360855,)
(-2365.2749129921062,)
(-2358.3029417157068,)
(-2358.3029417157068,)
(-2358.3029417157068,)
(-2358.3029417157068,)
(-2358.3029417157068,)
(-2358.3029417157068,)
(-2358.3029417157068,)
(-2356.603971711371,)
(-2356.603971711371,)
(-2355.650465090799,)
(-2349.6063329112276,)
(-2349.6063329112276,)
(-2349.6063329112276,)
(-2328.7650391913044,)
(-2328.7650391913044,)
(-2328.7650391913044,)
(-2314.8654097364224,)
(-2314.8654097364224,)
(-2314.8654097364224,)
(-2314.8654097364224,)
(-2314.8654097364224,)
(-2305.2532770932125,)
(-2305.2532770932125,)
(-2305.2532770932125,)
(-2301.2075196026526,)
(-2298.1617621120918,)
(-2298.1617621120918,)
(-2298.1617621120918,)
(-2296.040383186249,)
(-2296.040383186249,)
(-2296.040383186249,)
(-2285.8854812262634,)
(-2285.8854812262634,)
(-2285.8854812262634,)
(-2285.1865112219275,)
(-2285.1865112219275,)
(-2285.1865112219275,)
(-2285.1865112219275,)
(-2285.1865112219275,)
(-2285.1865112219275,)
(-2755.5816993105095,)
(-2655.2065284297937,)
(-2655.2065284297937,)
(-2655.2065284297937,)
(-2655.2065284297937,)
(-2655.2065284297937,)
(-2655.2065284297937,)
(-2640.8371072518553,)
(-2639.962045988463,)
(-2639.962045988463,)
(-2639.2984342393916,)
(-2626.4379657286822,)
(-2620.3578519932885,)
(-2615.1164392555916,)
(-2580.381380043267,)
(-2580.381380043267,)
(-2525.718342627477,)
(-2525.718342627477,)
(-2525.718342627477,)
(-2431.8342272427753,)
(-2431.8342272427753,)
(-2431.8342272427753,)
(-2431.8342272427753,)
(-2431.017747312151,)
(-2431.017747312151,)
(-2431.017747312151,)
(-2429.983320004715,)
(-2428.380719894036,)
(-2418.4614448113853,)
(-2418.4614448113853,)
(-2418.4614448113853,)
(-2418.4614448113853,)
(-2417.5545521428103,)
(-2417.5545521428103,)
(-2411.4948685668714,)
(-2411.4948685668714,)
(-2411.4948685668714,)
(-2411.4948685668714,)
(-2411.4948685668714,)
(-2411.4948685668714,)
(-2411.4948685668714,)
(-2411.4948685668714,)
(-2411.4948685668714,)
(-2405.907021075603,)
(-2405.907021075603,)
(-2405.907021075603,)
(-2403.099636400481,)
(-2403.099636400481,)
(-2394.811957032499,)
(-2392.363918040886,)
(-2375.14641078365,)
(-2375.14641078365,)
(-2375.14641078365,)
(-2375.14641078365,)
(-2375.14641078365,)
(-2374.447440779314,)
(-2371.544350792322,)
(-2371.544350792322,)
(-2371.544350792322,)
(-2371.544350792322,)
(-2368.403979625221,)
(-2363.249077665235,)
(-2362.1910727942545,)
(-2357.7439276869154,)
(-2357.7439276869154,)
(-2357.7439276869154,)
(-2357.7439276869154,)
(-2349.9910747461845,)
(-2349.9910747461845,)
(-2348.468196000904,)
(-2348.468196000904,)
(-2340.157562684113,)
(-2337.5728696230544,)
(-2337.5728696230544,)
(-2337.5728696230544,)
(-2337.5728696230544,)
(-2337.5728696230544,)
(-2337.5728696230544,)
(-2337.5728696230544,)
(-2337.5728696230544,)
(-2337.5728696230544,)
(-2328.703655661404,)
(-2328.703655661404,)
(-2328.703655661404,)
(-2328.703655661404,)
(-2328.703655661404,)
(-2328.703655661404,)
(-2328.703655661404,)
(-2328.703655661404,)
(-2328.703655661404,)
(-2328.703655661404,)
(-2328.703655661404,)
(-2328.703655661404,)
(-2326.879746920459,)
(-2326.879746920459,)
(-2318.4995356787485,)
(-2318.4995356787485,)
(-2318.4995356787485,)
(-2318.4995356787485,)
(-2318.4995356787485,)
