(-2586.988349643312,)

(-2561.824157607556,)

(-2532.993288158955,)

(-2496.5714281177425,)

(-2471.382033091725,)

(-2463.3463876521428,)

(-2443.920418919871,)

(-2415.4873015742805,)

(-2399.4742151740393,)

(-2724.4773881667784,)

(-2391.5356676531264,)

(-2667.8921721227357,)

(-2365.642877622774,)

(-2622.0962921053915,)

(-2356.199180123541,)

(-2600.6498762907104,)

(-2352.118064377717,)

(-2568.5407318212856,)

(-2342.873098816569,)

(-2326.895477695804,)

(-2550.544978868664,)

(-2314.5937313325085,)

(-2507.2882738928447,)

(-2303.4725333250117,)

(-2485.709337700364,)

(-2296.9265307808846,)

(-2463.8942743666476,)

(-2285.206552395824,)

(-2443.2545478655657,)

(-2280.3034624088323,)

(-2406.187004926929,)

(-2268.2643046512962,)

(-2387.206095562742,)

(-2261.973574612273,)

(-2373.3265049984393,)

(-2250.2686298132617,)

(-2363.2630187409177,)

(-2243.617071602261,)

(-2347.229594985431,)

(-2239.1119216239417,)

(-2324.86427373761,)

(-2234.9376655860065,)

(-2305.7355476411362,)

(-2232.590878099782,)

(-2294.7497982370196,)

(-2229.731511824917,)

(-2286.339524493274,)

(-2223.560815597748,)

(-2282.1737331908585,)

(-2220.3404928804644,)

(-2276.235185669946,)

(-2214.8142352427626,)

(-2269.513091866763,)

(-2209.143293962027,)

(-2261.849526891797,)

(-2206.9952314265715,)

(-2250.1205936640836,)

(-2204.6888063990205,)

(-2243.38819990426,)

(-2202.1201701631803,)

(-2236.9146827738095,)

(-2196.938683872238,)

(-2226.446070568112,)

(-2193.5918963860126,)

(-2220.73140557525,)

(-2188.996856737561,)

(-2216.78062359792,)

(-2183.2521292426645,)

(-2212.3880786211344,)

(-2180.0179467579746,)

(-2205.697783262449,)

(-2177.718442794643,)

(-2201.129147026608,)

(-2174.7976240406906,)

(-2195.8054833392307,)

(-2172.0706253127546,)

(-2193.4640908848924,)

(-2169.149806558803,)

(-2190.1330976658514,)

(-2166.190169017477,)

(-2188.0927352071767,)

(-2165.366260276532,)

(-2184.6647326964708,)

(-2163.1212877280695,)

(-2181.5220651929017,)

(-2159.4631702895404,)

(-2176.3793976893335,)

(-2155.9683202678602,)

(-2174.617040706133,)

(-2151.4228078308665,)

(-2147.428202862753,)

(-2172.1167956525665,)

(-2146.354416648592,)

(-2168.8954900738913,)

(-2144.257506635584,)

(-2162.7985800608835,)

(-2141.9333528410734,)

(-2160.877761306931,)

(-2139.5688365878877,)

(-2158.9536629392146,)

(-2136.375016561872,)

(-2156.573451697503,)

(-2134.527984022081,)

(-2152.3693317148472,)

(-2133.084286522848,)

(-2150.1495983833534,)

(-2131.561407777567,)

(-2147.0370750215075,)

(-2130.7374990366234,)

(-2147.0370750215075,)

(-2127.5210453188934,)

(-2142.7237112907696,)

(-2124.7763178239966,)

(-2140.0193462545467,)

(-2122.8269802393106,)

(-2134.0527700100342,)

(-2122.1791627574216,)

(-2131.836316292304,)

(-2122.1791627574216,)

(-2131.836316292304,)

(-2121.4801927530857,)

(-2131.313437547024,)

(-2121.4801927530857,)

(-2127.443771315519,)

(-2120.129255168118,)

(-2125.574105084014,)

(-2120.129255168118,)

(-2125.574105084014,)

(-2117.1750126586794,)

