(-2660.2753475175427,)
(-2640.7870220328896,)
(-2636.32762954513,)
(-2609.876515914037,)
(-2577.5673024693187,)
(-2540.361155655044,)
(-2533.7182361630375,)
(-2502.7577447043213,)
(-2486.291330030397,)
(-2469.806879244014,)
(-2455.209087973241,)
(-2442.808146418497,)
(-2423.229469083865,)
(-2387.942117937262,)
(-2377.3563423202504,)
(-2369.0443228140834,)
(-2357.1209777186778,)
(-2349.532497943361,)
(-2344.7274448998546,)
(-2331.499995797825,)
(-2323.415930092722,)
(-2314.7766348201567,)
(-2312.9619326368493,)
(-2302.304908597325,)
(-2294.9428791905125,)
(-2285.824811187184,)
(-2273.896117083502,)
(-2263.270493517133,)
(-2260.1771433148915,)
(-2243.029911384107,)
(-2235.471312546871,)
(-2229.1854874325995,)
(-2224.0133468127874,)
(-2220.721090741431,)
(-2215.921831831666,)
(-2213.3022239917227,)
(-2207.4703116306073,)
(-2207.4703116306073,)
(-2202.72558413571,)
(-2201.5696493135542,)
(-2196.563090086026,)
(-2194.216302599801,)
(-2193.3923938588573,)
(-2191.9132388257035,)
(-2190.390360080423,)
(-2187.043572594199,)
(-2185.133824101022,)
(-2183.487270093431,)
(-2181.877781291783,)
(-2181.3165738662624,)
(-2177.565187865182,)
(-2175.69012660179,)
(-2173.741279124237,)
(-2171.9631278738534,)
(-2168.0245803529406,)
(-2163.26751912297,)
(-2163.26751912297,)
(-2162.404791594652,)
(-2161.705821590316,)
(-2160.1829428450355,)
(-2158.387062827692,)
(-2156.96109409542,)
(-2156.96109409542,)
(-2154.739245345803,)
(-2151.1986378335628,)
(-2150.3747290926185,)
(-2150.3747290926185,)
(-2148.2778190796103,)
(-2148.1017278205545,)
(-2146.1986378335623,)
(-2145.8798790709384,)
(-2144.5508203516733,)
(-2143.073699096954,)
(-2143.073699096954,)
(-2141.8798790709384,)
(-2141.487334094153,)
(-2139.556215383561,)
(-2139.556215383561,)
(-2138.0102128394333,)
(-2137.73148401405,)
(-2137.032514009714,)
(-2136.111695255762,)
(-2134.412725251426,)
(-2132.890669134712,)
(-2130.2651528231036,)
(-2129.372362792752,)
(-2129.372362792752,)
(-2126.127880351422,)
(-2124.3320003340777,)
(-2122.058999062014,)
(-2120.4392103037258,)
(-2120.4392103037258,)
(-2120.4392103037258,)
(-2120.4392103037258,)
(-2120.041270295054,)
(-2119.74024029939,)
(-2119.74024029939,)
(-2118.924219720241,)
(-2118.924219720241,)
(-2117.916331558445,)
