(-2721.2659906868994,)
(-2634.0651184199223,)
(-2634.0651184199223,)
(-2634.0651184199223,)
(-2625.3115796745324,)
(-2625.3115796745324,)
(-2625.3115796745324,)
(-2625.3115796745324,)
(-2615.4527584719553,)
(-2591.8517344058264,)
(-2591.8517344058264,)
(-2591.8517344058264,)
(-2591.8517344058264,)
(-2591.8517344058264,)
(-2591.8517344058264,)
(-2588.65791437981,)
(-2588.65791437981,)
(-2583.6938949788037,)
(-2578.016277605576,)
(-2570.684152195793,)
(-2568.2539206223746,)
(-2563.1582846657525,)
(-2556.669266871968,)
(-2556.669266871968,)
(-2548.430011881431,)
(-2514.447045220729,)
(-2514.447045220729,)
(-2514.447045220729,)
(-2514.447045220729,)
(-2514.447045220729,)
(-2514.447045220729,)
(-2514.447045220729,)
(-2514.447045220729,)
(-2514.447045220729,)
(-2503.0821021732586,)
(-2503.0821021732586,)
(-2503.0821021732586,)
(-2494.5974820888496,)
(-2494.5974820888496,)
(-2494.5974820888496,)
(-2494.5974820888496,)
(-2494.5974820888496,)
(-2492.5652505746775,)
(-2492.5652505746775,)
(-2475.183589266572,)
(-2472.426627315258,)
(-2472.426627315258,)
(-2472.426627315258,)
(-2472.426627315258,)
(-2470.545588397404,)
(-2468.0684671426843,)
(-2462.416024933044,)
(-2462.416024933044,)
(-2462.416024933044,)
(-2459.056716030186,)
(-2457.5338372849055,)
(-2457.5338372849055,)
(-2439.948916674749,)
(-2439.948916674749,)
(-2427.970105973818,)
(-2427.970105973818,)
(-2425.368045982491,)
(-2425.368045982491,)
(-2420.7730063340387,)
(-2420.7730063340387,)
(-2416.302625225192,)
(-2415.603655220856,)
(-2415.603655220856,)
(-2415.603655220856,)
(-2415.603655220856,)
(-2415.603655220856,)
(-2415.603655220856,)
(-2399.4738192728314,)
(-2399.4738192728314,)
(-2399.4738192728314,)
(-2399.4738192728314,)
(-2399.4738192728314,)
(-2353.306328185538,)
(-2353.306328185538,)
(-2353.306328185538,)
(-2353.306328185538,)
(-2353.306328185538,)
(-2320.0537718361074,)
(-2320.0537718361074,)
(-2320.0537718361074,)
(-2320.0537718361074,)
(-2310.3917853980242,)
(-2310.3917853980242,)
(-2310.3917853980242,)
(-2310.3917853980242,)
(-2310.3917853980242,)
(-2310.3917853980242,)
(-2310.3917853980242,)
(-2310.3917853980242,)
(-2310.3917853980242,)
(-2310.3917853980242,)
(-2310.3917853980242,)
(-2310.3917853980242,)
(-2310.3917853980242,)
(-2302.5625911921693,)
(-2728.380375081434,)
(-2720.100939688115,)
(-2720.100939688115,)
(-2675.4404800930006,)
(-2658.1884127277726,)
(-2658.1884127277726,)
(-2658.1884127277726,)
(-2658.1884127277726,)
(-2656.3592769859656,)
(-2655.0124894997407,)
(-2631.3748039434686,)
(-2573.2795553990354,)
(-2572.376465412043,)
(-2572.376465412043,)
(-2572.376465412043,)
(-2572.376465412043,)
(-2572.376465412043,)
(-2572.376465412043,)
(-2572.376465412043,)
(-2550.3343840703214,)
(-2540.1174445593883,)
(-2540.1174445593883,)
(-2540.1174445593883,)
(-2540.1174445593883,)
(-2540.1174445593883,)
(-2538.481742349727,)
(-2524.813035671303,)
(-2524.813035671303,)
(-2510.747359124973,)
(-2504.8410643949032,)
(-2499.878047961156,)
(-2499.878047961156,)
(-2499.878047961156,)
(-2499.878047961156,)
(-2478.478894714505,)
(-2474.2835486561567,)
(-2474.2835486561567,)
(-2472.4508659909047,)
(-2472.4508659909047,)
(-2472.4508659909047,)
(-2462.091758243851,)
(-2462.091758243851,)
(-2458.929159486814,)
(-2443.196829727712,)
(-2443.196829727712,)
(-2443.196829727712,)
(-2443.196829727712,)
(-2434.4343734658546,)
(-2406.6911979307424,)
(-2406.6911979307424,)
(-2405.9922279264065,)
(-2405.9922279264065,)
(-2405.9922279264065,)
(-2405.9922279264065,)
(-2405.9922279264065,)
(-2405.9922279264065,)
(-2405.9922279264065,)
(-2405.9922279264065,)
(-2389.830574104395,)
(-2389.830574104395,)
(-2389.830574104395,)
(-2389.830574104395,)
(-2381.2516563912804,)
(-2369.4592184266803,)
(-2364.0612784180075,)
(-2364.0612784180075,)
(-2364.0612784180075,)
(-2364.0612784180075,)
(-2363.3623084136716,)
(-2356.1916121865024,)
(-2356.1916121865024,)
(-2356.1916121865024,)
(-2356.1916121865024,)
(-2356.1916121865024,)
(-2356.1916121865024,)
(-2356.1916121865024,)
(-2356.1916121865024,)
(-2356.1916121865024,)
(-2356.1916121865024,)
(-2356.1916121865024,)
(-2353.6441717629864,)
(-2353.112430940456,)
(-2353.112430940456,)
(-2353.112430940456,)
(-2351.3669427644245,)
(-2350.616820237641,)
(-2350.616820237641,)
(-2344.655319123762,)
(-2340.4054416505455,)
(-2340.4054416505455,)
(-2340.4054416505455,)
(-2340.4054416505455,)
(-2338.347449703568,)
(-2338.347449703568,)
(-2338.347449703568,)
(-2338.347449703568,)
(-2338.347449703568,)
(-2338.347449703568,)
(-2338.347449703568,)
(-2323.47481413655,)
(-2688.0654217895117,)
(-2685.4806151838807,)
(-2668.2970382795847,)
(-2659.3535858339187,)
(-2659.3535858339187,)
(-2659.3535858339187,)
(-2620.5425572161353,)
(-2620.5425572161353,)
(-2620.5425572161353,)
(-2620.5425572161353,)
(-2620.5425572161353,)
(-2620.5425572161353,)
(-2603.4548694957584,)
(-2596.2049920225427,)
(-2596.2049920225427,)
(-2580.687109953042,)
(-2579.516413725873,)
(-2579.516413725873,)
(-2562.0694642607273,)
(-2548.606692880547,)
(-2548.606692880547,)
(-2548.606692880547,)
(-2548.606692880547,)
(-2548.606692880547,)
(-2548.606692880547,)
(-2531.358941082418,)
(-2518.5527086038833,)
(-2516.0025858028002,)
(-2496.1585677911617,)
(-2496.1585677911617,)
(-2496.1585677911617,)
(-2481.900451842923,)
(-2481.3264205751957,)
(-2481.3264205751957,)
(-2481.3264205751957,)
(-2481.201481838587,)
(-2481.201481838587,)
(-2481.201481838587,)
(-2477.6274505708593,)
(-2477.6274505708593,)
(-2477.6274505708593,)
(-2477.6274505708593,)
(-2461.3707336731118,)
(-2456.8763283569247,)
(-2456.8763283569247,)
(-2456.8763283569247,)
(-2456.8763283569247,)
(-2456.8763283569247,)
(-2451.5499531024197,)
(-2451.5499531024197,)
(-2446.6011056248667,)
(-2446.6011056248667,)
(-2440.924500806747,)
(-2440.924500806747,)
(-2432.7346537290064,)
(-2432.7346537290064,)
(-2432.7346537290064,)
(-2432.7346537290064,)
(-2432.7346537290064,)
(-2432.7346537290064,)
(-2432.7346537290064,)
(-2420.884406853571,)
(-2420.884406853571,)
(-2420.884406853571,)
(-2417.8386493630105,)
(-2414.2996108897073,)
(-2414.2996108897073,)
(-2398.004980784777,)
(-2398.004980784777,)
(-2398.004980784777,)
(-2398.004980784777,)
(-2398.004980784777,)
(-2398.004980784777,)
(-2398.004980784777,)
(-2398.004980784777,)
(-2398.004980784777,)
(-2390.6394912799915,)
(-2390.6394912799915,)
(-2390.6394912799915,)
(-2380.175141362928,)
(-2380.175141362928,)
(-2380.175141362928,)
(-2380.175141362928,)
(-2378.0395680459415,)
(-2377.794595497478,)
(-2377.794595497478,)
(-2366.7476970726166,)
(-2366.7476970726166,)
(-2366.7476970726166,)
(-2366.7476970726166,)
(-2366.7476970726166,)
(-2365.0065293884863,)
(-2365.0065293884863,)
(-2365.0065293884863,)
(-2365.0065293884863,)
(-2363.0019893634526,)
(-2362.6188893364542,)
(-2362.6188893364542,)
(-2362.6188893364542,)
(-2362.6188893364542,)
(-2799.770355882076,)
(-2789.298139552109,)
(-2789.298139552109,)
(-2753.808192776177,)
(-2753.808192776177,)
(-2753.808192776177,)
(-2753.808192776177,)
(-2743.911722676179,)
(-2735.7533601840832,)
(-2716.98601304601,)
(-2716.98601304601,)
(-2709.879329147177,)
(-2708.751878885153,)
(-2685.7848736494134,)
(-2648.7546710041292,)
(-2648.7546710041292,)
(-2642.674137905283,)
(-2640.795789105791,)
(-2640.795789105791,)
(-2600.2796505063843,)
(-2593.500738574867,)
(-2593.500738574867,)
(-2593.500738574867,)
(-2589.4776147760203,)
(-2545.4418505456442,)
(-2545.4418505456442,)
(-2545.4418505456442,)
(-2545.4418505456442,)
(-2545.4418505456442,)
(-2545.4418505456442,)
(-2509.4722244141985,)
(-2509.4722244141985,)
(-2509.4722244141985,)
(-2509.4722244141985,)
(-2509.4722244141985,)
(-2486.7762257182876,)
(-2472.429438232063,)
(-2456.7166680955397,)
(-2456.7166680955397,)
(-2456.7166680955397,)
(-2449.318667124515,)
(-2449.318667124515,)
(-2449.318667124515,)
(-2449.318667124515,)
(-2448.199123419793,)
(-2439.0635830072906,)
(-2439.0635830072906,)
(-2425.746751274909,)
(-2425.746751274909,)
(-2425.746751274909,)
(-2425.746751274909,)
(-2414.7624905769376,)
(-2414.7624905769376,)
(-2414.7624905769376,)
(-2414.7624905769376,)
(-2414.1208068036003,)
(-2412.2968980626556,)
(-2408.4314973578958,)
(-2403.2765953979106,)
(-2403.2765953979106,)
(-2403.2765953979106,)
(-2403.2765953979106,)
(-2403.2765953979106,)
(-2403.2765953979106,)
(-2403.2765953979106,)
(-2403.2765953979106,)
(-2403.2765953979106,)
(-2389.219864018897,)
(-2389.219864018897,)
(-2389.219864018897,)
(-2389.219864018897,)
(-2389.219864018897,)
(-2389.219864018897,)
(-2389.219864018897,)
(-2389.219864018897,)
(-2389.219864018897,)
(-2387.2815370597673,)
(-2385.7586583144875,)
(-2385.7586583144875,)
(-2376.3203484449195,)
(-2376.3203484449195,)
(-2376.3203484449195,)
(-2374.885380072228,)
(-2356.4506822134144,)
(-2351.9209640436047,)
(-2351.9209640436047,)
(-2351.9209640436047,)
(-2351.9209640436047,)
(-2351.9209640436047,)
(-2351.9209640436047,)
(-2351.9209640436047,)
(-2344.245760761226,)
(-2344.245760761226,)
(-2344.245760761226,)
(-2344.245760761226,)
(-2331.5884916557716,)
(-2331.5884916557716,)
(-2331.5884916557716,)
(-2331.5884916557716,)
(-2331.5884916557716,)
(-2761.965968436679,)
(-2712.9039244808896,)
(-2711.2049544765528,)
(-2711.2049544765528,)
(-2704.6516259258665,)
(-2704.6516259258665,)
(-2691.2966503760194,)
(-2648.6894638835706,)
(-2648.6894638835706,)
(-2627.415812051533,)
(-2627.415812051533,)
(-2627.415812051533,)
(-2577.3464418156323,)
(-2551.173811088686,)
(-2551.173811088686,)
(-2551.173811088686,)
(-2551.173811088686,)
(-2551.173811088686,)
(-2551.173811088686,)
(-2551.173811088686,)
(-2551.173811088686,)
(-2551.173811088686,)
(-2546.667951768584,)
(-2546.667951768584,)
(-2528.325775840721,)
(-2528.325775840721,)
(-2528.325775840721,)
(-2518.905202140335,)
(-2518.905202140335,)
(-2497.8786994490665,)
(-2497.8786994490665,)
(-2497.8786994490665,)
(-2497.8786994490665,)
(-2497.8786994490665,)
(-2494.598262603469,)
(-2494.598262603469,)
(-2487.2972326078047,)
(-2485.333722630426,)
(-2449.0138777618654,)
(-2446.121087731513,)
(-2446.121087731513,)
(-2446.121087731513,)
(-2446.121087731513,)
(-2434.7733292865696,)
(-2434.7733292865696,)
(-2434.7733292865696,)
(-2434.7733292865696,)
(-2432.5692093039133,)
(-2432.5692093039133,)
(-2430.635105512929,)
(-2428.6843235356,)
(-2428.212597312767,)
(-2426.407776332428,)
(-2412.0902324739436,)
(-2409.9463500662346,)
(-2409.9463500662346,)
(-2400.503377364008,)
(-2400.503377364008,)
(-2399.9869758587006,)
(-2374.375552557275,)
(-2374.375552557275,)
(-2374.375552557275,)
(-2374.375552557275,)
(-2371.0119725103787,)
(-2371.0119725103787,)
(-2359.755763798986,)
(-2342.7507538651307,)
(-2342.7507538651307,)
(-2342.7507538651307,)
(-2340.3359111362965,)
(-2340.3359111362965,)
(-2340.3359111362965,)
(-2340.3359111362965,)
(-2340.3359111362965,)
(-2340.3359111362965,)
(-2340.3359111362965,)
(-2333.363447806655,)
(-2332.8074320386013,)
(-2327.3760682744423,)
(-2327.3760682744423,)
(-2327.3760682744423,)
(-2323.8642329795725,)
(-2323.8642329795725,)
(-2323.8642329795725,)
(-2323.8642329795725,)
(-2323.8642329795725,)
(-2323.8642329795725,)
(-2319.640698359198,)
(-2319.640698359198,)
(-2319.640698359198,)
(-2319.640698359198,)
(-2316.5346841531746,)
(-2316.5346841531746,)
(-2316.5346841531746,)
(-2316.5346841531746,)
(-2316.5346841531746,)
(-2316.5346841531746,)
(-2315.32696004625,)
(-2313.929020037578,)
(-2313.929020037578,)
(-2686.895439101922,)
(-2682.067796797665,)
(-2682.067796797665,)
(-2682.067796797665,)
(-2600.671862401602,)
(-2600.671862401602,)
(-2591.1407466132537,)
(-2591.021202908533,)
(-2591.021202908533,)
(-2591.021202908533,)
(-2591.021202908533,)
(-2581.4781224953413,)
(-2568.218400873544,)
(-2568.218400873544,)
(-2568.218400873544,)
(-2561.757499198325,)
(-2552.57047780844,)
(-2552.57047780844,)
(-2534.7409034616094,)
(-2533.29822121024,)
(-2533.29822121024,)
(-2527.1717363302355,)
(-2527.1717363302355,)
(-2517.6046318587587,)
(-2517.6046318587587,)
(-2506.958536798236,)
(-2494.253924725437,)
(-2492.321019272987,)
(-2487.500143473889,)
(-2438.841330607698,)
(-2438.841330607698,)
(-2438.841330607698,)
(-2438.4999381533607,)
(-2438.4999381533607,)
(-2438.4999381533607,)
(-2438.4999381533607,)
(-2427.1400126818785,)
(-2427.1400126818785,)
(-2418.0691180336557,)
(-2417.37014802932,)
(-2417.37014802932,)
(-2410.8562241266923,)
(-2410.8562241266923,)
(-2410.8562241266923,)
(-2407.6343753770757,)
(-2407.6343753770757,)
(-2407.6343753770757,)
(-2401.736190314837,)
(-2399.3382503061653,)
(-2399.3382503061653,)
(-2399.3382503061653,)
(-2399.3382503061653,)
(-2399.3382503061653,)
(-2399.3382503061653,)
(-2399.3382503061653,)
(-2399.3382503061653,)
(-2399.1518590904693,)
(-2394.1300303933926,)
(-2394.1300303933926,)
(-2394.1300303933926,)
(-2394.1300303933926,)
(-2394.1300303933926,)
(-2374.6924666027103,)
(-2374.6924666027103,)
(-2374.6924666027103,)
(-2363.255228162932,)
(-2356.623105669569,)
(-2356.623105669569,)
(-2354.5739869255563,)
(-2354.5739869255563,)
(-2354.5739869255563,)
(-2354.5739869255563,)
(-2354.5739869255563,)
(-2354.5739869255563,)
(-2354.5739869255563,)
(-2353.5105006680346,)
(-2349.436714453874,)
(-2349.436714453874,)
(-2349.436714453874,)
(-2349.436714453874,)
(-2349.436714453874,)
(-2349.376788007119,)
(-2349.376788007119,)
(-2349.376788007119,)
(-2349.376788007119,)
(-2346.13568445821,)
(-2346.13568445821,)
(-2346.13568445821,)
(-2344.61280571293,)
(-2344.61280571293,)
(-2339.5828424895526,)
(-2339.5828424895526,)
(-2339.5828424895526,)
(-2339.5828424895526,)
(-2339.5828424895526,)
(-2339.5828424895526,)
(-2339.5828424895526,)
(-2339.5828424895526,)
(-2339.5828424895526,)
(-2336.463298784831,)
(-2780.1095504767686,)
(-2746.016555935206,)
(-2745.602465998672,)
(-2712.970798444646,)
(-2704.2958774286285,)
(-2572.1205735687886,)
(-2562.7737860825646,)
(-2562.7737860825646,)
(-2562.7737860825646,)
(-2562.7737860825646,)
(-2528.830274369132,)
(-2523.3552461606128,)
(-2523.3552461606128,)
(-2523.3552461606128,)
(-2523.3552461606128,)
(-2523.3552461606128,)
(-2523.3552461606128,)
(-2523.3552461606128,)
(-2511.103434187619,)
(-2511.103434187619,)
(-2492.8051342033173,)
(-2492.8051342033173,)
(-2460.336613120359,)
(-2460.336613120359,)
(-2460.336613120359,)
(-2457.5796511690446,)
(-2457.5796511690446,)
(-2457.5796511690446,)
(-2457.190666003026,)
(-2457.190666003026,)
(-2457.190666003026,)
(-2457.190666003026,)
(-2457.190666003026,)
(-2457.190666003026,)
(-2457.190666003026,)
(-2457.190666003026,)
(-2447.851723590551,)
(-2447.851723590551,)
(-2444.541919670579,)
(-2444.541919670579,)
(-2442.3667572620807,)
(-2442.3667572620807,)
(-2442.3667572620807,)
(-2441.0172082016234,)
(-2419.529585935505,)
(-2419.529585935505,)
(-2419.529585935505,)
(-2416.7110722264483,)
(-2416.7110722264483,)
(-2416.7110722264483,)
(-2416.7110722264483,)
(-2416.7110722264483,)
(-2416.7110722264483,)
(-2416.7110722264483,)
(-2416.7110722264483,)
(-2414.7207252514754,)
(-2414.7207252514754,)
(-2414.7207252514754,)
(-2407.674967760915,)
(-2392.0006652267266,)
(-2392.0006652267266,)
(-2392.0006652267266,)
(-2392.0006652267266,)
(-2392.0006652267266,)
(-2392.0006652267266,)
(-2392.0006652267266,)
(-2392.0006652267266,)
(-2392.0006652267266,)
(-2386.5904907616373,)
(-2386.5904907616373,)
(-2386.5904907616373,)
(-2386.5904907616373,)
(-2386.5904907616373,)
(-2385.8915207573014,)
(-2385.435714754842,)
(-2379.2537478398185,)
(-2379.2537478398185,)
(-2379.2537478398185,)
(-2379.2537478398185,)
(-2379.2537478398185,)
(-2375.093450847945,)
(-2375.093450847945,)
(-2375.093450847945,)
(-2375.093450847945,)
(-2375.093450847945,)
(-2371.4967858885043,)
(-2364.0059041450354,)
(-2364.0059041450354,)
(-2362.6551483805997,)
(-2362.6551483805997,)
(-2362.6551483805997,)
(-2362.6551483805997,)
(-2362.6551483805997,)
(-2362.6551483805997,)
(-2362.6551483805997,)
(-2362.6551483805997,)
(-2362.6551483805997,)
(-2362.6551483805997,)
(-2361.5742369937507,)
(-2359.522929378768,)
(-2762.369941749745,)
(-2691.4086515967965,)
(-2691.4086515967965,)
(-2691.4086515967965,)
(-2691.4086515967965,)
(-2688.5116028029124,)
(-2686.9527196411473,)
(-2683.8558096281395,)
(-2646.026248030229,)
(-2646.026248030229,)
(-2638.159960691145,)
(-2638.159960691145,)
(-2630.128146277861,)
(-2626.086813874991,)
(-2624.4523503715814,)
(-2579.3168528625147,)
(-2574.5387016121313,)
(-2574.5387016121313,)
(-2574.5387016121313,)
(-2560.7897745477076,)
(-2555.67452969117,)
(-2555.67452969117,)
(-2553.968720262303,)
(-2542.4817552238082,)
(-2531.2865900838055,)
(-2531.2865900838055,)
(-2531.2865900838055,)
(-2531.2865900838055,)
(-2513.95626023902,)
(-2460.1563601876182,)
(-2460.1563601876182,)
(-2460.1563601876182,)
(-2460.1563601876182,)
(-2423.337412164003,)
(-2423.337412164003,)
(-2423.337412164003,)
(-2423.337412164003,)
(-2423.337412164003,)
(-2423.337412164003,)
(-2423.337412164003,)
(-2423.337412164003,)
(-2407.6855224551814,)
(-2407.4125211831183,)
(-2407.4125211831183,)
(-2391.906610523664,)
(-2391.906610523664,)
(-2391.906610523664,)
(-2391.906610523664,)
(-2391.906610523664,)
(-2391.906610523664,)
(-2391.906610523664,)
(-2377.4565987649894,)
(-2377.4565987649894,)
(-2376.5815375015977,)
(-2376.5815375015977,)
(-2374.1835974929254,)
(-2374.1835974929254,)
(-2374.1835974929254,)
(-2374.1835974929254,)
(-2374.1835974929254,)
(-2374.1835974929254,)
(-2374.1835974929254,)
(-2374.1835974929254,)
(-2353.6052014197953,)
(-2349.6052014197953,)
(-2349.6052014197953,)
(-2349.6052014197953,)
(-2349.6052014197953,)
(-2349.6052014197953,)
(-2349.6052014197953,)
(-2349.6052014197953,)
(-2349.6052014197953,)
(-2347.730140156403,)
(-2346.570233993008,)
(-2346.570233993008,)
(-2346.570233993008,)
(-2336.9382107783026,)
(-2336.9382107783026,)
(-2336.9382107783026,)
(-2336.9382107783026,)
(-2336.9382107783026,)
(-2333.0400257160636,)
(-2333.0400257160636,)
(-2333.0400257160636,)
(-2310.614547090925,)
(-2310.614547090925,)
(-2310.614547090925,)
(-2303.8186670735804,)
(-2303.8186670735804,)
(-2303.8186670735804,)
(-2302.091668345644,)
(-2302.091668345644,)
(-2302.091668345644,)
(-2297.864424564142,)
(-2295.262364572814,)
(-2295.262364572814,)
(-2295.262364572814,)
(-2294.4384558318698,)
(-2294.4384558318698,)
(-2294.4384558318698,)
(-2771.4469204599714,)
(-2771.4469204599714,)
(-2771.4469204599714,)
(-2771.4469204599714,)
(-2770.461392872766,)
(-2743.190360250125,)
(-2743.190360250125,)
(-2600.0535135908535,)
(-2592.180287548583,)
(-2592.180287548583,)
(-2566.857950495826,)
(-2558.4741794433485,)
(-2558.4741794433485,)
(-2558.4741794433485,)
(-2558.4741794433485,)
(-2558.4741794433485,)
(-2558.4741794433485,)
(-2547.1502065671816,)
(-2533.354326549839,)
(-2533.354326549839,)
(-2533.354326549839,)
(-2521.7065090679503,)
(-2521.7065090679503,)
(-2521.7065090679503,)
(-2521.7065090679503,)
(-2521.7065090679503,)
(-2521.7065090679503,)
(-2521.7065090679503,)
(-2513.9973394556323,)
(-2513.9973394556323,)
(-2506.684252899415,)
(-2474.0743021333446,)
(-2418.4843630766245,)
(-2418.4843630766245,)
(-2418.4843630766245,)
(-2418.4843630766245,)
(-2418.4843630766245,)
(-2418.4843630766245,)
(-2415.936916139854,)
(-2415.936916139854,)
(-2415.936916139854,)
(-2415.936916139854,)
(-2412.1288965520225,)
(-2398.341386384268,)
(-2391.4906243880396,)
(-2359.931042273509,)
(-2359.931042273509,)
(-2359.931042273509,)
(-2359.931042273509,)
(-2359.931042273509,)
(-2359.931042273509,)
(-2359.107133532564,)
(-2359.107133532564,)
(-2357.0222770576283,)
(-2357.0222770576283,)
(-2357.0222770576283,)
(-2356.1983683166836,)
(-2349.073709777079,)
(-2349.073709777079,)
(-2349.073709777079,)
(-2343.341316017255,)
(-2343.341316017255,)
(-2343.341316017255,)
(-2343.341316017255,)
(-2341.9384710838303,)
(-2340.5405310751576,)
(-2340.5405310751576,)
(-2340.5405310751576,)
(-2340.5405310751576,)
(-2340.5405310751576,)
(-2340.5405310751576,)
(-2340.5405310751576,)
(-2340.5405310751576,)
(-2338.921007192154,)
(-2337.0222137447795,)
(-2328.023047361764,)
(-2328.023047361764,)
(-2328.023047361764,)
(-2319.51229544655,)
(-2319.51229544655,)
(-2319.51229544655,)
(-2319.51229544655,)
(-2319.51229544655,)
(-2319.51229544655,)
(-2319.1601129284386,)
(-2319.114355437878,)
(-2319.114355437878,)
(-2319.114355437878,)
(-2319.114355437878,)
(-2319.114355437878,)
(-2319.114355437878,)
(-2319.114355437878,)
(-2319.114355437878,)
(-2319.114355437878,)
(-2319.114355437878,)
(-2319.114355437878,)
(-2316.8433879442478,)
(-2312.5212946027054,)
(-2311.272665985595,)
(-2294.776567107808,)
(-2805.1271868769663,)
(-2688.1260075069426,)
(-2688.1260075069426,)
(-2678.6095934512955,)
(-2678.6095934512955,)
(-2678.6095934512955,)
(-2678.6095934512955,)
(-2678.6095934512955,)
(-2631.808741677243,)
(-2631.808741677243,)
(-2631.808741677243,)
(-2631.808741677243,)
(-2612.2220461646666,)
(-2612.2220461646666,)
(-2610.596862374491,)
(-2610.596862374491,)
(-2610.596862374491,)
(-2553.5104115325566,)
(-2553.5104115325566,)
(-2553.5104115325566,)
(-2553.5104115325566,)
(-2512.606500166936,)
(-2509.877566939222,)
(-2509.877566939222,)
(-2509.877566939222,)
(-2509.877566939222,)
(-2509.877566939222,)
(-2502.787319972088,)
(-2502.787319972088,)
(-2502.787319972088,)
(-2491.661113221493,)
(-2487.388292867775,)
(-2487.388292867775,)
(-2487.388292867775,)
(-2487.388292867775,)
(-2484.4394453902223,)
(-2484.4394453902223,)
(-2484.4394453902223,)
(-2484.4394453902223,)
(-2484.4394453902223,)
(-2484.4394453902223,)
(-2480.3372354965513,)
(-2467.5427560843364,)
(-2467.5427560843364,)
(-2466.181443657225,)
(-2455.2953870095316,)
(-2441.122756282585,)
(-2441.122756282585,)
(-2441.122756282585,)
(-2440.4237862782493,)
(-2440.4237862782493,)
(-2439.467575272622,)
(-2437.076998792025,)
(-2427.1931296079147,)
(-2420.6141934154334,)
(-2420.6141934154334,)
(-2420.215698017382,)
(-2414.3436702658023,)
(-2406.6250674878347,)
(-2401.7416614449144,)
(-2401.7416614449144,)
(-2401.7416614449144,)
(-2385.71877498708,)
(-2385.71877498708,)
(-2385.71877498708,)
(-2385.71877498708,)
(-2385.71877498708,)
(-2385.71877498708,)
(-2385.593836250472,)
(-2385.593836250472,)
(-2385.593836250472,)
(-2385.593836250472,)
(-2385.593836250472,)
(-2385.593836250472,)
(-2384.815685000088,)
(-2384.7944957010177,)
(-2384.5796672942765,)
(-2381.6676224646326,)
(-2379.6340994304883,)
(-2358.4902677312784,)
(-2358.4902677312784,)
(-2358.4902677312784,)
(-2355.051852059662,)
(-2355.051852059662,)
(-2350.6996695415505,)
(-2336.37562895131,)
(-2336.37562895131,)
(-2336.37562895131,)
(-2336.37562895131,)
(-2336.37562895131,)
(-2336.37562895131,)
(-2336.37562895131,)
(-2331.3244764288625,)
(-2331.3244764288625,)
(-2331.3244764288625,)
(-2331.3244764288625,)
(-2331.3244764288625,)
(-2331.3244764288625,)
(-2331.3244764288625,)
(-2331.3244764288625,)
(-2664.3620931169403,)
(-2664.3620931169403,)
(-2664.3620931169403,)
(-2664.3620931169403,)
(-2664.3620931169403,)
(-2649.316995047617,)
(-2626.038008798586,)
(-2619.2544625163146,)
(-2619.2544625163146,)
(-2619.2544625163146,)
(-2619.2544625163146,)
(-2619.2544625163146,)
(-2619.2544625163146,)
(-2619.2544625163146,)
(-2552.290460169586,)
(-2552.290460169586,)
(-2552.290460169586,)
(-2551.864491437314,)
(-2551.864491437314,)
(-2537.4341578996386,)
(-2537.4341578996386,)
(-2537.4341578996386,)
(-2537.4341578996386,)
(-2537.053946657927,)
(-2537.053946657927,)
(-2528.463531737227,)
(-2528.463531737227,)
(-2509.5927951442804,)
(-2509.5927951442804,)
(-2501.6459814451614,)
(-2497.450288281668,)
(-2494.3503464813834,)
(-2493.3711070356203,)
(-2472.721255775298,)
(-2465.58939597447,)
(-2465.58939597447,)
(-2465.58939597447,)
(-2453.358310458118,)
(-2453.358310458118,)
(-2453.358310458118,)
(-2453.358310458118,)
(-2453.358310458118,)
(-2450.623882919861,)
(-2418.209300126239,)
(-2418.209300126239,)
(-2418.209300126239,)
(-2405.59979863856,)
(-2399.9185574011844,)
(-2398.9977386472324,)
(-2394.813866364167,)
(-2394.813866364167,)
(-2394.813866364167,)
(-2394.813866364167,)
(-2394.813866364167,)
(-2394.813866364167,)
(-2394.813866364167,)
(-2394.813866364167,)
(-2394.813866364167,)
(-2379.4739183024735,)
(-2379.4739183024735,)
(-2379.4739183024735,)
(-2367.492624000994,)
(-2367.492624000994,)
(-2367.492624000994,)
(-2367.492624000994,)
(-2367.492624000994,)
(-2367.492624000994,)
(-2363.175309631014,)
(-2363.175309631014,)
(-2363.175309631014,)
(-2350.6325696491176,)
(-2350.6325696491176,)
(-2345.392992132541,)
(-2345.392992132541,)
(-2345.392992132541,)
(-2343.586812158557,)
(-2343.586812158557,)
(-2343.586812158557,)
(-2343.586812158557,)
(-2343.586812158557,)
(-2343.586812158557,)
(-2343.1646188458967,)
(-2341.188872149885,)
(-2338.732840915579,)
(-2338.732840915579,)
(-2338.732840915579,)
(-2338.5513546246366,)
(-2338.5513546246366,)
(-2337.56368835971,)
(-2337.56368835971,)
(-2336.3657507646094,)
(-2322.648264637644,)
(-2321.602507147083,)
(-2321.602507147083,)
(-2321.602507147083,)
(-2321.602507147083,)
(-2321.602507147083,)
(-2321.602507147083,)
(-2321.602507147083,)
(-2321.602507147083,)
(-2651.5162849450744,)
(-2651.5162849450744,)
(-2651.5162849450744,)
(-2651.5162849450744,)
(-2651.5162849450744,)
(-2651.5162849450744,)
(-2642.185291726034,)
(-2642.185291726034,)
(-2642.185291726034,)
(-2642.185291726034,)
(-2642.185291726034,)
(-2633.8611963098692,)
(-2633.8611963098692,)
(-2629.1462351511573,)
(-2629.1462351511573,)
(-2627.0167320959517,)
(-2614.6956423063584,)
(-2614.6956423063584,)
(-2611.3188770196166,)
(-2609.4438157562254,)
(-2565.853378818161,)
(-2556.894771503319,)
(-2556.894771503319,)
(-2556.894771503319,)
(-2556.894771503319,)
(-2543.2230965117496,)
(-2538.72824649007,)
(-2538.72824649007,)
(-2538.72824649007,)
(-2538.72824649007,)
(-2538.72824649007,)
(-2537.153376070044,)
(-2525.9315273204274,)
(-2510.6028806737586,)
(-2502.812395688301,)
(-2502.812395688301,)
(-2472.9994597349396,)
(-2472.9994597349396,)
(-2472.9994597349396,)
(-2472.9994597349396,)
(-2472.9994597349396,)
(-2472.9994597349396,)
(-2463.7044320012806,)
(-2458.761915996797,)
(-2456.4034020056165,)
(-2455.0054619969446,)
(-2455.0054619969446,)
(-2455.0054619969446,)
(-2455.0054619969446,)
(-2447.3187264490257,)
(-2447.3187264490257,)
(-2447.3187264490257,)
(-2439.5405751986423,)
(-2439.472184016368,)
(-2439.472184016368,)
(-2439.472184016368,)
(-2420.354993647648,)
(-2420.354993647648,)
(-2420.354993647648,)
(-2405.624398220816,)
(-2393.70681260372,)
(-2393.70681260372,)
(-2385.243491551443,)
(-2380.669460283715,)
(-2380.0917343403044,)
(-2377.489674348976,)
(-2377.489674348976,)
(-2377.489674348976,)
(-2364.2227345945894,)
(-2364.2227345945894,)
(-2364.2227345945894,)
(-2361.7224895410227,)
(-2361.7224895410227,)
(-2361.7224895410227,)
(-2361.7224895410227,)
(-2361.7224895410227,)
(-2361.7224895410227,)
(-2361.7224895410227,)
(-2361.7224895410227,)
(-2361.7224895410227,)
(-2350.5483327817446,)
(-2350.5483327817446,)
(-2350.5483327817446,)
(-2350.5483327817446,)
(-2350.5483327817446,)
(-2341.1380590379986,)
(-2341.1380590379986,)
(-2341.1380590379986,)
(-2341.1380590379986,)
(-2341.064272823838,)
(-2340.041149024991,)
(-2337.607968366551,)
(-2336.9089983622152,)
(-2336.9089983622152,)
(-2321.03933213071,)
(-2321.03933213071,)
(-2317.951376960356,)
(-2317.951376960356,)
(-2317.951376960356,)
(-2317.951376960356,)
