(-2593.681938631509,)
(-2592.61675258911,)
(-2592.61675258911,)
(-2592.61675258911,)
(-2592.61675258911,)
(-2589.9955052850614,)
(-2568.619623735429,)
(-2568.619623735429,)
(-2568.619623735429,)
(-2560.193655003157,)
(-2558.244271824646,)
(-2511.261792592003,)
(-2510.295315626147,)
(-2506.1068906320174,)
(-2506.1068906320174,)
(-2506.1068906320174,)
(-2478.7151414928812,)
(-2478.7151414928812,)
(-2477.192262747601,)
(-2477.192262747601,)
(-2477.192262747601,)
(-2477.192262747601,)
(-2473.3683540066572,)
(-2473.3683540066572,)
(-2461.411721975471,)
(-2461.411721975471,)
(-2461.411721975471,)
(-2461.411721975471,)
(-2419.2626700693413,)
(-2419.2626700693413,)
(-2419.2626700693413,)
(-2418.810706391903,)
(-2418.810706391903,)
(-2418.810706391903,)
(-2418.810706391903,)
(-2407.8178294711274,)
(-2400.6471332439583,)
(-2397.9481632396223,)
(-2397.9481632396223,)
(-2397.9481632396223,)
(-2397.9481632396223,)
(-2397.9481632396223,)
(-2397.9481632396223,)
(-2393.8195126894593,)
(-2393.324662667779,)
(-2381.7654341135653,)
(-2381.7654341135653,)
(-2381.7654341135653,)
(-2357.5216581339923,)
(-2355.9482162520553,)
(-2355.9482162520553,)
(-2355.9482162520553,)
(-2355.9482162520553,)
(-2355.9482162520553,)
(-2355.9482162520553,)
(-2355.9482162520553,)
(-2354.277356611008,)
(-2354.277356611008,)
(-2354.277356611008,)
(-2354.277356611008,)
(-2354.277356611008,)
(-2346.214174417577,)
(-2336.9465681774,)
(-2336.9465681774,)
(-2336.9465681774,)
(-2336.9465681774,)
(-2336.9465681774,)
(-2336.9465681774,)
(-2336.9465681774,)
(-2336.9465681774,)
(-2336.9465681774,)
(-2336.9465681774,)
(-2332.862408067805,)
(-2320.7374693311967,)
(-2317.4821968260935,)
(-2316.7832268217576,)
(-2314.690658703715,)
(-2314.3852868130853,)
(-2312.690839622061,)
(-2312.690839622061,)
(-2302.5875802916557,)
(-2302.5875802916557,)
(-2297.5068466572725,)
(-2293.983967911992,)
(-2293.983967911992,)
(-2293.983967911992,)
(-2293.284997907656,)
(-2293.284997907656,)
(-2293.284997907656,)
(-2291.6192681046796,)
(-2279.4781225060105,)
(-2279.4781225060105,)
(-2279.4781225060105,)
(-2279.4781225060105,)
(-2279.4781225060105,)
(-2272.4166700269234,)
(-2272.4166700269234,)
(-2272.4166700269234,)
(-2272.4166700269234,)
(-2272.4166700269234,)
(-2721.9187953872015,)
(-2672.090647794046,)
(-2671.2844678200627,)
(-2671.2844678200627,)
(-2655.8108070974517,)
(-2648.5943097092963,)
(-2635.155411092945,)
(-2635.155411092945,)
(-2635.155411092945,)
(-2627.720161271102,)
(-2614.2740601750143,)
(-2614.2740601750143,)
(-2584.9284021939316,)
(-2584.734582167915,)
(-2584.734582167915,)
(-2584.734582167915,)
(-2580.5924047714807,)
(-2562.9850937539995,)
(-2529.0954857862735,)
(-2529.0954857862735,)
(-2524.1424479779716,)
(-2524.1424479779716,)
(-2520.780870348588,)
(-2513.976656675556,)
(-2478.648755164617,)
(-2478.648755164617,)
(-2478.648755164617,)
(-2436.828777803212,)
(-2412.377285848962,)
(-2412.377285848962,)
(-2396.775608257196,)
(-2396.775608257196,)
(-2364.6799029453264,)
(-2361.3788729496623,)
(-2361.3788729496623,)
(-2361.3788729496623,)
(-2361.3788729496623,)
(-2361.3788729496623,)
(-2361.3788729496623,)
(-2359.159968499533,)
(-2359.159968499533,)
(-2358.98093294099,)
(-2358.98093294099,)
(-2346.2286292271574,)
(-2346.2286292271574,)
(-2346.2286292271574,)
(-2346.2286292271574,)
(-2344.012379235124,)
(-2344.012379235124,)
(-2344.012379235124,)
(-2344.012379235124,)
(-2344.012379235124,)
(-2344.012379235124,)
(-2333.1128660316353,)
(-2332.2378047682437,)
(-2332.2378047682437,)
(-2332.2378047682437,)
(-2331.5388347639077,)
(-2326.2414088925125,)
(-2326.2414088925125,)
(-2326.2414088925125,)
(-2326.2414088925125,)
(-2326.2414088925125,)
(-2326.1267257990417,)
(-2326.1267257990417,)
(-2326.1267257990417,)
(-2325.0149405835286,)
(-2321.3295273422455,)
(-2321.3295273422455,)
(-2321.3295273422455,)
(-2321.3295273422455,)
(-2317.7377673075575,)
(-2317.7377673075575,)
(-2309.5837696208646,)
(-2309.5837696208646,)
(-2309.5837696208646,)
(-2309.5837696208646,)
(-2309.5837696208646,)
(-2306.3899495948485,)
(-2305.6909795905126,)
(-2305.435707085409,)
(-2305.435707085409,)
(-2305.435707085409,)
(-2305.435707085409,)
(-2305.435707085409,)
(-2304.736737081073,)
(-2304.736737081073,)
(-2304.736737081073,)
(-2304.736737081073,)
(-2300.8616758176813,)
(-2300.8616758176813,)
(-2300.8616758176813,)
(-2300.8616758176813,)
(-2300.8616758176813,)
(-2298.4269331611013,)
(-2296.55187189771,)
(-2296.55187189771,)
(-2296.2984346137273,)
(-2296.2984346137273,)
(-2296.2984346137273,)
(-2565.5784975656184,)
(-2561.0502237884516,)
(-2561.0502237884516,)
(-2561.0502237884516,)
(-2561.0502237884516,)
(-2560.1471338014594,)
(-2560.1471338014594,)
(-2551.799966573901,)
(-2545.1221858686345,)
(-2545.1221858686345,)
(-2545.1221858686345,)
(-2545.1221858686345,)
(-2545.1221858686345,)
(-2545.1221858686345,)
(-2526.866032803573,)
(-2526.866032803573,)
(-2526.866032803573,)
(-2526.866032803573,)
(-2526.866032803573,)
(-2508.830311562966,)
(-2508.830311562966,)
(-2508.830311562966,)
(-2466.752254919858,)
(-2466.752254919858,)
(-2466.752254919858,)
(-2466.5935529629946,)
(-2466.5935529629946,)
(-2466.5935529629946,)
(-2458.2880610730103,)
(-2455.8712445998626,)
(-2453.1722745955267,)
(-2453.1722745955267,)
(-2453.1722745955267,)
(-2453.1722745955267,)
(-2453.1722745955267,)
(-2448.7997883637736,)
(-2387.0790402121734,)
(-2387.0790402121734,)
(-2387.0790402121734,)
(-2387.0790402121734,)
(-2387.0790402121734,)
(-2387.0790402121734,)
(-2382.7416135788444,)
(-2382.7416135788444,)
(-2382.7416135788444,)
(-2379.318322051497,)
(-2378.741613578844,)
(-2370.7252231626558,)
(-2357.176646720744,)
(-2357.176646720744,)
(-2357.176646720744,)
(-2357.176646720744,)
(-2357.176646720744,)
(-2352.5463675766605,)
(-2333.1643129856707,)
(-2320.786009093959,)
(-2320.786009093959,)
(-2320.786009093959,)
(-2317.2049449896954,)
(-2317.2049449896954,)
(-2310.9039149940313,)
(-2310.9039149940313,)
(-2310.9039149940313,)
(-2310.9039149940313,)
(-2309.125763743648,)
(-2309.125763743648,)
(-2309.125763743648,)
(-2307.177706165593,)
(-2304.074792139546,)
(-2302.8706721568897,)
(-2302.8706721568897,)
(-2302.8706721568897,)
(-2296.02885373064,)
(-2296.02885373064,)
(-2296.02885373064,)
(-2294.426793739312,)
(-2294.426793739312,)
(-2294.426793739312,)
(-2294.426793739312,)
(-2294.409064972351,)
(-2292.02885373064,)
(-2292.02885373064,)
(-2282.8690468459013,)
(-2282.8690468459013,)
(-2282.8690468459013,)
(-2282.8690468459013,)
(-2282.8690468459013,)
(-2282.8690468459013,)
(-2282.8690468459013,)
(-2282.8690468459013,)
(-2282.118924319118,)
(-2282.118924319118,)
(-2281.993985582509,)
(-2281.993985582509,)
(-2281.419954314782,)
(-2281.419954314782,)
(-2281.419954314782,)
(-2280.671766287775,)
(-2280.671766287775,)
(-2280.54489305139,)
(-2732.1001300593875,)
(-2701.2290941846964,)
(-2664.609305426408,)
(-2664.609305426408,)
(-2657.0494598697396,)
(-2657.0494598697396,)
(-2657.0494598697396,)
(-2613.7217789486954,)
(-2612.4271975490847,)
(-2612.4271975490847,)
(-2612.4271975490847,)
(-2609.6635698129853,)
(-2596.398424189701,)
(-2596.398424189701,)
(-2562.9945283193924,)
(-2562.9945283193924,)
(-2531.73122822768,)
(-2517.3356976212854,)
(-2517.3356976212854,)
(-2515.1208692145447,)
(-2507.2140765431695,)
(-2507.2140765431695,)
(-2507.2140765431695,)
(-2507.2140765431695,)
(-2507.2140765431695,)
(-2507.2140765431695,)
(-2507.2140765431695,)
(-2505.2541328437183,)
(-2505.2541328437183,)
(-2499.693007057887,)
(-2496.0642064863778,)
(-2496.0642064863778,)
(-2468.150028735289,)
(-2468.150028735289,)
(-2462.7183568834635,)
(-2457.377319966812,)
(-2448.860198090109,)
(-2448.860198090109,)
(-2442.869969205833,)
(-2442.869969205833,)
(-2401.300176162518,)
(-2382.8841455501947,)
(-2382.8841455501947,)
(-2374.682806280695,)
(-2374.682806280695,)
(-2374.682806280695,)
(-2374.682806280695,)
(-2374.682806280695,)
(-2374.682806280695,)
(-2373.8588975397506,)
(-2373.8588975397506,)
(-2373.8588975397506,)
(-2373.8588975397506,)
(-2373.8588975397506,)
(-2373.8588975397506,)
(-2365.8493878870886,)
(-2365.8493878870886,)
(-2361.145022850866,)
(-2361.145022850866,)
(-2361.145022850866,)
(-2361.145022850866,)
(-2349.4167053955152,)
(-2349.4167053955152,)
(-2349.3955300105654,)
(-2349.3955300105654,)
(-2348.0187653868434,)
(-2324.7308733443515,)
(-2324.7308733443515,)
(-2323.5826373446625,)
(-2323.5826373446625,)
(-2308.9798154645177,)
(-2308.9798154645177,)
(-2308.9798154645177,)
(-2308.9798154645177,)
(-2308.9798154645177,)
(-2308.9798154645177,)
(-2308.9798154645177,)
(-2308.9798154645177,)
(-2308.9798154645177,)
(-2308.9798154645177,)
(-2308.9798154645177,)
(-2308.46598569524,)
(-2308.46598569524,)
(-2307.374470714118,)
(-2304.1526219645016,)
(-2304.1526219645016,)
(-2304.1526219645016,)
(-2304.1526219645016,)
(-2294.058996710565,)
(-2294.058996710565,)
(-2294.058996710565,)
(-2287.7122092243403,)
(-2287.7122092243403,)
(-2287.7122092243403,)
(-2287.7122092243403,)
(-2287.7122092243403,)
(-2287.7122092243403,)
(-2287.7122092243403,)
(-2287.7122092243403,)
(-2287.7122092243403,)
(-2577.106726035167,)
(-2548.6681394651064,)
(-2548.6681394651064,)
(-2548.6681394651064,)
(-2548.6681394651064,)
(-2548.6681394651064,)
(-2524.517553044084,)
(-2519.42856194853,)
(-2519.42856194853,)
(-2515.787952715179,)
(-2515.787952715179,)
(-2515.787952715179,)
(-2515.787952715179,)
(-2513.638076963072,)
(-2513.638076963072,)
(-2513.638076963072,)
(-2465.3858288194497,)
(-2465.3858288194497,)
(-2465.3858288194497,)
(-2460.465010065497,)
(-2460.465010065497,)
(-2460.465010065497,)
(-2460.465010065497,)
(-2460.465010065497,)
(-2432.934950998966,)
(-2432.934950998966,)
(-2432.934950998966,)
(-2432.934950998966,)
(-2432.934950998966,)
(-2432.934950998966,)
(-2424.2182522276694,)
(-2424.2182522276694,)
(-2424.2182522276694,)
(-2417.761832189539,)
(-2417.761832189539,)
(-2417.761832189539,)
(-2399.377054895142,)
(-2386.4888309174753,)
(-2386.4888309174753,)
(-2386.4888309174753,)
(-2386.4888309174753,)
(-2383.556425767962,)
(-2367.112728268729,)
(-2367.112728268729,)
(-2367.112728268729,)
(-2367.112728268729,)
(-2367.112728268729,)
(-2367.112728268729,)
(-2367.112728268729,)
(-2367.112728268729,)
(-2365.015818255721,)
(-2365.015818255721,)
(-2365.015818255721,)
(-2365.015818255721,)
(-2365.015818255721,)
(-2364.316848251385,)
(-2353.9687956153302,)
(-2344.6568762772363,)
(-2344.6568762772363,)
(-2344.6568762772363,)
(-2344.157121330803,)
(-2343.3332125898582,)
(-2342.6342425855223,)
(-2342.6342425855223,)
(-2342.6342425855223,)
(-2342.6342425855223,)
(-2334.2588302266927,)
(-2334.2588302266927,)
(-2334.2588302266927,)
(-2334.2588302266927,)
(-2334.2588302266927,)
(-2334.214531490339,)
(-2334.214531490339,)
(-2333.515561486003,)
(-2333.515561486003,)
(-2331.977948651964,)
(-2331.1176214773313,)
(-2328.914462394443,)
(-2328.0394011310514,)
(-2328.0394011310514,)
(-2327.4338806076134,)
(-2322.4534135792546,)
(-2322.4534135792546,)
(-2322.4534135792546,)
(-2322.4534135792546,)
(-2321.59463669018,)
(-2321.59463669018,)
(-2321.59463669018,)
(-2321.59463669018,)
(-2319.2633632741367,)
(-2319.2633632741367,)
(-2319.2633632741367,)
(-2318.6280604456665,)
(-2318.4394545331925,)
(-2318.4394545331925,)
(-2318.4394545331925,)
(-2318.4394545331925,)
(-2308.6944268614775,)
(-2308.6944268614775,)
(-2308.6944268614775,)
(-2681.4940259016844,)
(-2681.4940259016844,)
(-2644.4953024183715,)
(-2644.4953024183715,)
(-2644.4953024183715,)
(-2613.7102124648018,)
(-2613.7102124648018,)
(-2613.7102124648018,)
(-2512.8462223994657,)
(-2512.8462223994657,)
(-2512.8462223994657,)
(-2512.8462223994657,)
(-2512.8462223994657,)
(-2512.8462223994657,)
(-2512.8462223994657,)
(-2499.9765561679606,)
(-2499.9765561679606,)
(-2499.9765561679606,)
(-2499.9765561679606,)
(-2499.9765561679606,)
(-2499.9765561679606,)
(-2484.4275833107667,)
(-2468.298197793056,)
(-2468.298197793056,)
(-2468.298197793056,)
(-2468.298197793056,)
(-2468.298197793056,)
(-2468.298197793056,)
(-2467.255048001362,)
(-2464.1758667553145,)
(-2464.1758667553145,)
(-2456.596385216504,)
(-2456.596385216504,)
(-2429.5076588352845,)
(-2429.5076588352845,)
(-2414.9057806690307,)
(-2414.9057806690307,)
(-2414.9057806690307,)
(-2396.7399893666147,)
(-2396.7399893666147,)
(-2396.7399893666147,)
(-2396.7399893666147,)
(-2396.7399893666147,)
(-2396.3580214631334,)
(-2386.9703814111012,)
(-2386.030719405639,)
(-2385.9003325025055,)
(-2382.064143161126,)
(-2375.4091739855808,)
(-2356.778557049473,)
(-2356.778557049473,)
(-2356.778557049473,)
(-2354.4037408396484,)
(-2353.7047708353125,)
(-2353.7047708353125,)
(-2353.7047708353125,)
(-2350.246808969428,)
(-2338.790877013778,)
(-2338.790877013778,)
(-2338.790877013778,)
(-2338.790877013778,)
(-2338.790877013778,)
(-2338.790877013778,)
(-2338.790877013778,)
(-2338.790877013778,)
(-2338.5020814745308,)
(-2338.392937005106,)
(-2338.392937005106,)
(-2338.392937005106,)
(-2338.392937005106,)
(-2333.6109457469533,)
(-2324.202116395852,)
(-2324.202116395852,)
(-2320.862337354331,)
(-2316.2075114277386,)
(-2316.0033914450823,)
(-2305.37126895172,)
(-2297.0334539471164,)
(-2295.462783932842,)
(-2295.462783932842,)
(-2295.459422679389,)
(-2295.459422679389,)
(-2295.459422679389,)
(-2295.459422679389,)
(-2295.459422679389,)
(-2295.459422679389,)
(-2287.3281346253843,)
(-2287.3281346253843,)
(-2287.3281346253843,)
(-2283.6291646210475,)
(-2283.6291646210475,)
(-2283.6291646210475,)
(-2283.6291646210475,)
(-2283.6291646210475,)
(-2283.6291646210475,)
(-2283.6291646210475,)
(-2283.6291646210475,)
(-2277.0057299317928,)
(-2277.0057299317928,)
(-2275.91246584975,)
(-2687.513521815102,)
(-2648.0609821812413,)
(-2635.5695792623023,)
(-2630.9950433073886,)
(-2629.625132022317,)
(-2616.4633931621374,)
(-2616.4633931621374,)
(-2615.9069888583767,)
(-2548.751939067354,)
(-2543.6312165910513,)
(-2528.3464975723073,)
(-2525.9485575636354,)
(-2525.9485575636354,)
(-2521.2605047955235,)
(-2506.5486049071096,)
(-2506.5486049071096,)
(-2500.3867769961785,)
(-2500.3867769961785,)
(-2498.741715450191,)
(-2494.43529042264,)
(-2474.7289669603483,)
(-2468.249014417364,)
(-2455.775162053491,)
(-2447.310555148845,)
(-2447.310555148845,)
(-2426.528792098334,)
(-2426.528792098334,)
(-2426.528792098334,)
(-2426.528792098334,)
(-2425.431882085326,)
(-2404.2760434787983,)
(-2404.2760434787983,)
(-2400.9115272256136,)
(-2400.9115272256136,)
(-2392.361908841065,)
(-2392.361908841065,)
(-2392.361908841065,)
(-2392.361908841065,)
(-2392.361908841065,)
(-2392.361908841065,)
(-2378.5617132847588,)
(-2378.5617132847588,)
(-2378.5617132847588,)
(-2378.5617132847588,)
(-2378.5617132847588,)
(-2378.5617132847588,)
(-2378.5617132847588,)
(-2378.5617132847588,)
(-2378.5617132847588,)
(-2376.2740065876133,)
(-2360.6616466396463,)
(-2360.6616466396463,)
(-2360.6616466396463,)
(-2358.1667966179657,)
(-2355.072258294965,)
(-2339.764132602886,)
(-2339.366192594214,)
(-2339.366192594214,)
(-2339.366192594214,)
(-2339.366192594214,)
(-2338.5422838532695,)
(-2338.5422838532695,)
(-2338.5422838532695,)
(-2338.5422838532695,)
(-2338.5422838532695,)
(-2338.5422838532695,)
(-2337.692018950885,)
(-2336.6391938662773,)
(-2335.116315120997,)
(-2331.4065550528885,)
(-2331.4065550528885,)
(-2313.0087439350755,)
(-2313.0087439350755,)
(-2313.0087439350755,)
(-2313.0087439350755,)
(-2313.0087439350755,)
(-2309.9280190177274,)
(-2309.9280190177274,)
(-2309.9280190177274,)
(-2308.6319932254737,)
(-2306.8822615271665,)
(-2306.8822615271665,)
(-2306.8822615271665,)
(-2306.8822615271665,)
(-2306.8822615271665,)
(-2298.499465622288,)
(-2298.499465622288,)
(-2298.499465622288,)
(-2298.073496890016,)
(-2294.9943156439676,)
(-2294.9943156439676,)
(-2294.9943156439676,)
(-2294.9943156439676,)
(-2294.9943156439676,)
(-2294.9943156439676,)
(-2294.7598529622755,)
(-2293.726709403791,)
(-2281.8590593117515,)
(-2277.609181838535,)
(-2277.609181838535,)
(-2615.7918082068427,)
(-2613.3223099885645,)
(-2608.6325006530556,)
(-2605.3301886209997,)
(-2592.2155498410316,)
(-2592.2155498410316,)
(-2571.09535529449,)
(-2545.9496476537915,)
(-2536.7615028566643,)
(-2536.7615028566643,)
(-2536.7615028566643,)
(-2529.295068470381,)
(-2529.295068470381,)
(-2519.8453821938306,)
(-2519.8453821938306,)
(-2519.8453821938306,)
(-2512.6221627813416,)
(-2504.9443820760757,)
(-2504.9443820760757,)
(-2501.5308158574517,)
(-2501.5308158574517,)
(-2488.6731567573675,)
(-2488.6731567573675,)
(-2484.7212780565787,)
(-2469.858149724651,)
(-2469.858149724651,)
(-2446.2473621807103,)
(-2446.2473621807103,)
(-2446.2473621807103,)
(-2446.2473621807103,)
(-2445.78017904594,)
(-2445.78017904594,)
(-2445.78017904594,)
(-2441.6004687083523,)
(-2441.6004687083523,)
(-2438.7336191964287,)
(-2421.3120473238882,)
(-2384.5903911232876,)
(-2384.5903911232876,)
(-2384.5903911232876,)
(-2384.5903911232876,)
(-2384.5903911232876,)
(-2370.26970072116,)
(-2369.366610734168,)
(-2369.366610734168,)
(-2369.366610734168,)
(-2343.922448432786,)
(-2342.894419709186,)
(-2342.894419709186,)
(-2342.894419709186,)
(-2342.894419709186,)
(-2342.894419709186,)
(-2342.894419709186,)
(-2342.894419709186,)
(-2342.894419709186,)
(-2342.894419709186,)
(-2342.894419709186,)
(-2342.894419709186,)
(-2342.894419709186,)
(-2342.894419709186,)
(-2342.894419709186,)
(-2342.894419709186,)
(-2339.8206334950255,)
(-2339.8206334950255,)
(-2339.8206334950255,)
(-2333.737892438212,)
(-2333.737892438212,)
(-2333.737892438212,)
(-2333.737892438212,)
(-2333.737892438212,)
(-2331.9298410623696,)
(-2326.08311072405,)
(-2321.583053576145,)
(-2320.8840835718092,)
(-2320.8840835718092,)
(-2320.8840835718092,)
(-2319.6219085442553,)
(-2313.0917292590975,)
(-2310.6937892504247,)
(-2310.6937892504247,)
(-2310.6937892504247,)
(-2308.9156380000413,)
(-2308.9156380000413,)
(-2308.9156380000413,)
(-2298.353962839311,)
(-2298.353962839311,)
(-2298.353962839311,)
(-2298.353962839311,)
(-2298.353962839311,)
(-2298.353962839311,)
(-2298.353962839311,)
(-2295.478901575919,)
(-2295.478901575919,)
(-2289.956022830639,)
(-2289.956022830639,)
(-2289.956022830639,)
(-2289.956022830639,)
(-2289.956022830639,)
(-2289.956022830639,)
(-2288.1730113473277,)
(-2655.790256735559,)
(-2655.790256735559,)
(-2655.790256735559,)
(-2629.8881969750514,)
(-2629.8881969750514,)
(-2629.8881969750514,)
(-2628.1892269707155,)
(-2628.1892269707155,)
(-2626.587166979388,)
(-2580.18121922896,)
(-2485.203892358019,)
(-2485.203892358019,)
(-2485.203892358019,)
(-2485.203892358019,)
(-2485.203892358019,)
(-2485.203892358019,)
(-2485.203892358019,)
(-2485.203892358019,)
(-2484.1948355750824,)
(-2441.3489604677175,)
(-2441.3489604677175,)
(-2414.3362253651762,)
(-2410.336225365176,)
(-2410.336225365176,)
(-2410.336225365176,)
(-2408.197922667009,)
(-2408.197922667009,)
(-2404.429321780169,)
(-2373.3944743479055,)
(-2373.3944743479055,)
(-2373.3944743479055,)
(-2372.6955043435696,)
(-2372.6955043435696,)
(-2372.6955043435696,)
(-2372.6955043435696,)
(-2371.3029593667843,)
(-2371.3029593667843,)
(-2371.3029593667843,)
(-2371.3029593667843,)
(-2353.326623284983,)
(-2353.326623284983,)
(-2353.326623284983,)
(-2353.326623284983,)
(-2353.326623284983,)
(-2353.326623284983,)
(-2353.326623284983,)
(-2353.326623284983,)
(-2353.326623284983,)
(-2353.326623284983,)
(-2353.326623284983,)
(-2353.326623284983,)
(-2353.326623284983,)
(-2353.326623284983,)
(-2353.326623284983,)
(-2353.326623284983,)
(-2353.326623284983,)
(-2353.326623284983,)
(-2352.0412882778455,)
(-2352.0412882778455,)
(-2351.991580148041,)
(-2350.6238659207806,)
(-2349.5269559077724,)
(-2349.5269559077724,)
(-2349.5269559077724,)
(-2349.5269559077724,)
(-2348.687352178303,)
(-2348.687352178303,)
(-2348.687352178303,)
(-2341.5018976091487,)
(-2341.5018976091487,)
(-2341.5018976091487,)
(-2341.5018976091487,)
(-2340.359918770026,)
(-2336.1039576004764,)
(-2333.252020135932,)
(-2331.058200109916,)
(-2331.058200109916,)
(-2329.8953411605125,)
(-2329.8953411605125,)
(-2329.8953411605125,)
(-2324.012442619355,)
(-2324.012442619355,)
(-2324.012442619355,)
(-2320.7109225165577,)
(-2320.7109225165577,)
(-2320.7109225165577,)
(-2318.471079378918,)
(-2318.471079378918,)
(-2318.471079378918,)
(-2314.0965287901554,)
(-2312.318377539772,)
(-2312.318377539772,)
(-2312.318377539772,)
(-2312.318377539772,)
(-2312.318377539772,)
(-2312.318377539772,)
(-2312.318377539772,)
(-2312.318377539772,)
(-2312.318377539772,)
(-2312.318377539772,)
(-2627.5038933811775,)
(-2616.0234299505246,)
(-2593.794623420202,)
(-2593.794623420202,)
(-2593.794623420202,)
(-2593.4588529317625,)
(-2591.9306786974985,)
(-2568.6475980305786,)
(-2535.6689790790315,)
(-2530.1712579110326,)
(-2527.3457642588537,)
(-2523.9247004513345,)
(-2523.9247004513345,)
(-2523.9247004513345,)
(-2509.677514623201,)
(-2498.9204177790643,)
(-2455.3471056450317,)
(-2455.3471056450317,)
(-2455.3471056450317,)
(-2449.4282213908573,)
(-2449.4282213908573,)
(-2434.461523863217,)
(-2434.461523863217,)
(-2434.461523863217,)
(-2434.461523863217,)
(-2434.461523863217,)
(-2434.461523863217,)
(-2434.461523863217,)
(-2432.637615122272,)
(-2429.014268906433,)
(-2417.4156694472144,)
(-2417.4156694472144,)
(-2417.4156694472144,)
(-2405.380566416269,)
(-2395.1890427267217,)
(-2395.1890427267217,)
(-2395.1890427267217,)
(-2375.8274748970457,)
(-2372.7817174064844,)
(-2372.7817174064844,)
(-2372.7817174064844,)
(-2372.5318399332687,)
(-2364.0131114740075,)
(-2357.939325259847,)
(-2357.939325259847,)
(-2357.939325259847,)
(-2357.939325259847,)
(-2357.939325259847,)
(-2357.939325259847,)
(-2357.939325259847,)
(-2356.231861528205,)
(-2356.231861528205,)
(-2347.974654523325,)
(-2347.974654523325,)
(-2347.974654523325,)
(-2347.974654523325,)
(-2347.974654523325,)
(-2347.1683707309962,)
(-2347.1683707309962,)
(-2347.1683707309962,)
(-2344.1382311289613,)
(-2341.7402911202894,)
(-2341.7402911202894,)
(-2341.7402911202894,)
(-2341.7402911202894,)
(-2341.7402911202894,)
(-2332.835933119311,)
(-2332.3045606467253,)
(-2328.532198319734,)
(-2320.509344441662,)
(-2319.560006856976,)
(-2319.560006856976,)
(-2319.560006856976,)
(-2313.828852169269,)
(-2313.828852169269,)
(-2313.828852169269,)
(-2313.828852169269,)
(-2313.828852169269,)
(-2305.0927011874996,)
(-2305.0927011874996,)
(-2305.0927011874996,)
(-2305.0927011874996,)
(-2305.0927011874996,)
(-2302.3937311831637,)
(-2298.870852437884,)
(-2298.870852437884,)
(-2298.870852437884,)
(-2298.870852437884,)
(-2298.870852437884,)
(-2298.870852437884,)
(-2290.7887108031105,)
(-2290.7887108031105,)
(-2289.2043507452995,)
(-2287.6814720000198,)
(-2287.6814720000198,)
(-2287.6814720000198,)
(-2287.6814720000198,)
(-2287.6814720000198,)
(-2287.6814720000198,)
(-2282.870404740251,)
(-2601.0167411780203,)
(-2591.4136939039718,)
(-2522.054513414909,)
(-2522.054513414909,)
(-2522.054513414909,)
(-2522.054513414909,)
(-2519.540473930851,)
(-2508.0613188976986,)
(-2508.0613188976986,)
(-2500.2938760713996,)
(-2500.2938760713996,)
(-2489.111733422555,)
(-2489.111733422555,)
(-2489.111733422555,)
(-2456.2235377003353,)
(-2456.2235377003353,)
(-2456.2235377003353,)
(-2456.2235377003353,)
(-2439.255388792735,)
(-2439.255388792735,)
(-2438.2682080456266,)
(-2428.119119873003,)
(-2403.6473936501698,)
(-2403.6473936501698,)
(-2403.6473936501698,)
(-2403.6473936501698,)
(-2403.6473936501698,)
(-2403.6473936501698,)
(-2395.6473936501693,)
(-2395.6473936501693,)
(-2395.6473936501693,)
(-2391.374573296451,)
(-2384.24712261453,)
(-2371.1996115425377,)
(-2370.5006415382018,)
(-2370.5006415382018,)
(-2370.5006415382018,)
(-2370.5006415382018,)
(-2370.5006415382018,)
(-2370.5006415382018,)
(-2370.5006415382018,)
(-2366.007726016299,)
(-2364.0235202834815,)
(-2361.8415311993745,)
(-2346.3245502791465,)
(-2346.3245502791465,)
(-2346.3245502791465,)
(-2346.3245502791465,)
(-2346.3245502791465,)
(-2346.3245502791465,)
(-2346.3245502791465,)
(-2346.3245502791465,)
(-2334.285813131461,)
(-2334.285813131461,)
(-2334.285813131461,)
(-2334.285813131461,)
(-2334.285813131461,)
(-2334.285813131461,)
(-2330.098931808632,)
(-2330.098931808632,)
(-2330.098931808632,)
(-2330.098931808632,)
(-2320.74278101231,)
(-2320.74278101231,)
(-2320.74278101231,)
(-2320.74278101231,)
(-2320.74278101231,)
(-2320.74278101231,)
(-2320.74278101231,)
(-2320.74278101231,)
(-2313.692118596996,)
(-2313.692118596996,)
(-2312.13815906345,)
(-2312.13815906345,)
(-2312.13815906345,)
(-2305.431197963762,)
(-2303.2270779811065,)
(-2303.2270779811065,)
(-2303.2270779811065,)
(-2303.2270779811065,)
(-2303.2270779811065,)
(-2302.5281079767706,)
(-2301.031813562447,)
(-2301.031813562447,)
(-2289.653737412205,)
(-2289.653737412205,)
(-2289.653737412205,)
(-2289.653737412205,)
(-2289.653737412205,)
(-2289.653737412205,)
(-2289.0059199303164,)
(-2289.0059199303164,)
(-2289.0059199303164,)
(-2289.0059199303164,)
(-2287.531249211265,)
(-2287.531249211265,)
(-2287.531249211265,)
(-2285.7914999910204,)
(-2285.7914999910204,)
(-2285.7914999910204,)
(-2624.2402965620045,)
(-2624.2402965620045,)
(-2619.2914490844523,)
(-2619.2914490844523,)
(-2619.2914490844523,)
(-2619.2914490844523,)
(-2619.2914490844523,)
(-2614.015775173847,)
(-2607.4375771201303,)
(-2568.041670889893,)
(-2568.041670889893,)
(-2568.041670889893,)
(-2568.041670889893,)
(-2568.041670889893,)
(-2568.041670889893,)
(-2554.7274424720536,)
(-2538.755471195654,)
(-2538.755471195654,)
(-2525.2884855118004,)
(-2523.353024304839,)
(-2523.353024304839,)
(-2523.353024304839,)
(-2507.219261775141,)
(-2492.2492613864633,)
(-2492.2492613864633,)
(-2479.6978638104474,)
(-2475.07372624746,)
(-2475.07372624746,)
(-2475.07372624746,)
(-2455.5669705100086,)
(-2455.5669705100086,)
(-2455.5669705100086,)
(-2455.5669705100086,)
(-2451.1621910768063,)
(-2429.327109214439,)
(-2425.8042304691585,)
(-2425.8042304691585,)
(-2425.8042304691585,)
(-2425.8042304691585,)
(-2415.309380447479,)
(-2415.309380447479,)
(-2415.309380447479,)
(-2411.0241575801115,)
(-2382.0667112228,)
(-2382.0667112228,)
(-2382.0667112228,)
(-2382.0667112228,)
(-2382.0667112228,)
(-2382.0667112228,)
(-2382.0667112228,)
(-2382.0667112228,)
(-2380.1570408582734,)
(-2376.883191153425,)
(-2372.270135966942,)
(-2372.270135966942,)
(-2372.270135966942,)
(-2367.484555906238,)
(-2367.484555906238,)
(-2367.484555906238,)
(-2367.484555906238,)
(-2363.2151310552586,)
(-2363.2151310552586,)
(-2363.2151310552586,)
(-2360.9755535386817,)
(-2356.4735945471207,)
(-2356.4735945471207,)
(-2356.4735945471207,)
(-2350.8403148454336,)
(-2350.8403148454336,)
(-2350.8403148454336,)
(-2350.8403148454336,)
(-2343.613071063931,)
(-2342.7891623229866,)
(-2338.55826366002,)
(-2338.55826366002,)
(-2338.55826366002,)
(-2333.4881323273225,)
(-2333.4881323273225,)
(-2332.601942029995,)
(-2332.601942029995,)
(-2332.601942029995,)
(-2332.601942029995,)
(-2331.5850423403303,)
(-2331.0790632847143,)
(-2330.0621635950497,)
(-2321.4893256318323,)
(-2321.4893256318323,)
(-2321.4893256318323,)
(-2321.4893256318323,)
(-2321.4893256318323,)
(-2320.7903556274964,)
(-2318.4277738740884,)
(-2316.573901909767,)
(-2316.573901909767,)
(-2316.573901909767,)
(-2314.1280488236744,)
(-2300.4324391073364,)
(-2300.2283191246806,)
(-2300.2283191246806,)
(-2300.2283191246806,)
(-2629.6399598980724,)
(-2615.10608576849,)
(-2615.10608576849,)
(-2549.468104005375,)
(-2524.945505595534,)
(-2520.0356822258836,)
(-2520.0356822258836,)
(-2520.0356822258836,)
(-2520.0356822258836,)
(-2516.092711772645,)
(-2515.2968317553004,)
(-2515.2968317553004,)
(-2507.6453951948806,)
(-2507.6453951948806,)
(-2501.5982113557757,)
(-2479.03980199539,)
(-2479.03980199539,)
(-2479.03980199539,)
(-2478.4670236698908,)
(-2467.9604618354647,)
(-2454.30101140056,)
(-2452.726980132833,)
(-2452.726980132833,)
(-2452.726980132833,)
(-2452.726980132833,)
(-2452.726980132833,)
(-2452.726980132833,)
(-2452.726980132833,)
(-2427.6391178830518,)
(-2427.6391178830518,)
(-2427.6391178830518,)
(-2427.6391178830518,)
(-2426.730632864173,)
(-2426.730632864173,)
(-2421.3414821015253,)
(-2421.3414821015253,)
(-2421.3414821015253,)
(-2417.8378428338206,)
(-2412.4983781965075,)
(-2412.4983781965075,)
(-2412.4983781965075,)
(-2412.4983781965075,)
(-2412.4983781965075,)
(-2412.4983781965075,)
(-2412.4983781965075,)
(-2410.9993054330675,)
(-2409.1973482008434,)
(-2407.4289567877486,)
(-2398.4703494729074,)
(-2398.4703494729074,)
(-2398.4703494729074,)
(-2398.281924478778,)
(-2398.281924478778,)
(-2398.281924478778,)
(-2398.281924478778,)
(-2398.281924478778,)
(-2398.281924478778,)
(-2398.281924478778,)
(-2385.283849699239,)
(-2384.4879696818953,)
(-2384.4879696818953,)
(-2384.4879696818953,)
(-2384.4879696818953,)
(-2368.736633693029,)
(-2368.736633693029,)
(-2368.736633693029,)
(-2368.736633693029,)
(-2368.736633693029,)
(-2360.3822857445784,)
(-2355.5428136670134,)
(-2355.5428136670134,)
(-2355.5428136670134,)
(-2354.076482476067,)
(-2354.076482476067,)
(-2349.5343269270243,)
(-2349.5343269270243,)
(-2349.0069794276196,)
(-2349.0069794276196,)
(-2349.0069794276196,)
(-2348.085234395905,)
(-2347.9780244262574,)
(-2347.9780244262574,)
(-2347.9780244262574,)
(-2347.9780244262574,)
(-2346.1109097835033,)
(-2340.425303740725,)
(-2338.7263337363893,)
(-2338.7263337363893,)
(-2338.7263337363893,)
(-2338.7263337363893,)
(-2338.7263337363893,)
(-2338.7263337363893,)
(-2338.7263337363893,)
(-2338.7263337363893,)
(-2338.7263337363893,)
(-2337.597432452015,)
(-2337.597432452015,)
(-2337.597432452015,)
(-2337.597432452015,)
(-2337.597432452015,)
(-2646.220174181515,)
(-2640.8276292047294,)
(-2640.8276292047294,)
(-2640.4296891960576,)
(-2623.892233027138,)
(-2623.892233027138,)
(-2609.1341934034517,)
(-2526.5630262708514,)
(-2526.5630262708514,)
(-2526.5630262708514,)
(-2526.5630262708514,)
(-2526.5630262708514,)
(-2523.0079685159512,)
(-2523.0079685159512,)
(-2523.0079685159512,)
(-2523.0079685159512,)
(-2523.0079685159512,)
(-2523.0079685159512,)
(-2492.202198098876,)
(-2492.202198098876,)
(-2457.3316322033293,)
(-2456.6838147214407,)
(-2456.6838147214407,)
(-2452.9233922380176,)
(-2452.9233922380176,)
(-2442.564271016719,)
(-2442.564271016719,)
(-2442.564271016719,)
(-2441.768390999376,)
(-2441.768390999376,)
(-2441.768390999376,)
(-2441.768390999376,)
(-2441.768390999376,)
(-2404.525731450845,)
(-2403.0028527055642,)
(-2403.0028527055642,)
(-2390.3038827012288,)
(-2390.3038827012288,)
(-2390.3038827012288,)
(-2390.3038827012288,)
(-2364.716763059694,)
(-2364.716763059694,)
(-2361.0177930553577,)
(-2361.0177930553577,)
(-2361.0177930553577,)
(-2361.0177930553577,)
(-2361.0177930553577,)
(-2361.0177930553577,)
(-2357.596436669369,)
(-2357.596436669369,)
(-2357.596436669369,)
(-2357.596436669369,)
(-2355.6933466823766,)
(-2352.586543943645,)
(-2351.4714979327605,)
(-2351.4714979327605,)
(-2343.8628910953726,)
(-2324.9011967477836,)
(-2324.9011967477836,)
(-2324.9011967477836,)
(-2324.9011967477836,)
(-2322.442856795542,)
(-2322.442856795542,)
(-2322.442856795542,)
(-2322.442856795542,)
(-2322.442856795542,)
(-2312.800096404027,)
(-2308.2314601681855,)
(-2308.2314601681855,)
(-2308.2314601681855,)
(-2308.2314601681855,)
(-2308.2314601681855,)
(-2308.2314601681855,)
(-2308.2314601681855,)
(-2308.2314601681855,)
(-2308.2314601681855,)
(-2308.2314601681855,)
(-2308.2314601681855,)
(-2308.2314601681855,)
(-2306.597028956888,)
(-2303.8032913150732,)
(-2303.8032913150732,)
(-2303.8032913150732,)
(-2303.8032913150732,)
(-2303.8032913150732,)
(-2303.8032913150732,)
(-2303.8032913150732,)
(-2303.8032913150732,)
(-2303.8032913150732,)
(-2303.8032913150732,)
(-2302.7190789082088,)
(-2298.6735023359943,)
(-2298.6735023359943,)
(-2298.6735023359943,)
(-2289.368241504084,)
(-2289.368241504084,)
(-2287.2627830814886,)
(-2287.2627830814886,)
(-2284.450087269026,)
(-2284.450087269026,)
(-2718.4097143727968,)
(-2616.2301119502695,)
(-2612.894213806476,)
(-2612.894213806476,)
(-2582.657742151117,)
(-2581.958772146781,)
(-2581.958772146781,)
(-2579.356712155453,)
(-2579.356712155453,)
(-2579.356712155453,)
(-2579.356712155453,)
(-2553.6048166056003,)
(-2547.760913324199,)
(-2518.97341802167,)
(-2518.97341802167,)
(-2518.97341802167,)
(-2500.5578728344676,)
(-2500.5578728344676,)
(-2479.998650271044,)
(-2479.998650271044,)
(-2479.998650271044,)
(-2461.0077327578197,)
(-2461.0077327578197,)
(-2461.0077327578197,)
(-2457.706702762156,)
(-2453.48485401254,)
(-2453.48485401254,)
(-2453.48485401254,)
(-2435.46766536493,)
(-2435.46766536493,)
(-2435.46766536493,)
(-2435.46766536493,)
(-2402.6077589707143,)
(-2402.6077589707143,)
(-2402.6077589707143,)
(-2402.6077589707143,)
(-2402.6077589707143,)
(-2402.6077589707143,)
(-2402.6077589707143,)
(-2402.6077589707143,)
(-2400.8630314758175,)
(-2400.8630314758175,)
(-2400.8630314758175,)
(-2400.8630314758175,)
(-2400.8630314758175,)
(-2400.8630314758175,)
(-2398.2083745693985,)
(-2395.708129515832,)
(-2395.708129515832,)
(-2377.0873548445616,)
(-2377.0873548445616,)
(-2377.0873548445616,)
(-2373.3958952902353,)
(-2372.748077808347,)
(-2372.748077808347,)
(-2371.298985277227,)
(-2371.298985277227,)
(-2371.298985277227,)
(-2370.6511677953386,)
(-2370.6511677953386,)
(-2370.6511677953386,)
(-2363.577921700529,)
(-2363.577921700529,)
(-2363.577921700529,)
(-2360.055042955248,)
(-2360.055042955248,)
(-2360.055042955248,)
(-2360.055042955248,)
(-2360.055042955248,)
(-2360.055042955248,)
(-2360.055042955248,)
(-2360.055042955248,)
(-2356.0343905374175,)
(-2356.0343905374175,)
(-2340.992615992338,)
(-2340.992615992338,)
(-2340.992615992338,)
(-2340.992615992338,)
(-2334.293645988002,)
(-2328.845017180595,)
(-2328.845017180595,)
(-2328.845017180595,)
(-2322.7481071675866,)
(-2322.7481071675866,)
(-2322.7481071675866,)
(-2322.7481071675866,)
(-2322.7481071675866,)
(-2322.7481071675866,)
(-2322.7481071675866,)
(-2322.7481071675866,)
(-2319.5280947799324,)
(-2319.5280947799324,)
(-2319.5280947799324,)
(-2318.880277298044,)
(-2318.880277298044,)
(-2318.880277298044,)
(-2318.880277298044,)
(-2318.632704369632,)
(-2313.537247039057,)
(-2313.537247039057,)
