(-2725.418092077298,)
(-2711.509818345032,)
(-2639.69888057523,)
(-2580.0565839931323,)
(-2562.436795234844,)
(-2517.9897135764036,)
(-2493.8725433081504,)
(-2480.8684658918432,)
(-2455.7450850217674,)
(-2429.121835731369,)
(-2429.121835731369,)
(-2409.698110843331,)
(-2399.9351301463657,)
(-2386.0553063084676,)
(-2380.361731336018,)
(-2369.5673294254293,)
(-2347.195248523975,)
(-2343.319426579449,)
(-2324.964935883566,)
(-2322.281475220572,)
(-2300.8670409274514,)
(-2291.6124394478284,)
(-2286.3816358555596,)
(-2286.170676448374,)
(-2281.2076600146265,)
(-2271.324584010979,)
(-2267.5205499439853,)
(-2262.582152852551,)
(-2256.4243927885173,)
(-2254.8748222252852,)
(-2242.2412508615866,)
(-2236.7514050433165,)
(-2233.6367662633475,)
(-2229.6860659257068,)
(-2219.210698252419,)
(-2217.0857595158104,)
(-2205.759219729177,)
(-2202.370234563158,)
(-2200.10417199428,)
(-2197.0972332910947,)
(-2184.4036583186453,)
(-2182.8807795733646,)
(-2182.8807795733646,)
(-2179.3859295516845,)
(-2179.236702820588,)
(-2175.3739752922697,)
(-2173.169855309614,)
(-2173.169855309614,)
(-2173.169855309614,)
(-2171.771915300942,)
(-2170.9480065599973,)
(-2167.4531565383177,)
(-2167.4531565383177,)
(-2167.4531565383177,)
(-2165.7541865339817,)
(-2165.7541865339817,)
(-2164.3562465253094,)
(-2163.560366507965,)
(-2163.560366507965,)
(-2160.7773103328286,)
(-2160.7773103328286,)
(-2155.907644101324,)
(-2155.907644101324,)
(-2155.208674096988,)
(-2155.0837353603793,)
(-2153.3729217281034,)
(-2151.9195693689526,)
(-2149.3509331331115,)
(-2149.3509331331115,)
(-2148.703115651223,)
(-2146.356328164998,)
(-2144.502847029153,)
(-2142.4748183055526,)
(-2141.5131469857934,)
(-2141.1152069771206,)
(-2141.1152069771206,)
(-2139.3882082491846,)
(-2138.5642995082408,)
(-2136.9725394735524,)
(-2136.9671444416654,)
(-2136.0005681971525,)
(-2133.2046881798087,)
(-2133.2046881798087,)
(-2132.83681067317,)
(-2130.541665816527,)
(-2130.541665816527,)
(-2128.745295692049,)
(-2128.745295692049,)
(-2127.046325687713,)
(-2125.9218770582384,)
(-2125.029087027886,)
(-2123.408808162464,)
(-2121.3118981494563,)
(-2119.011358260926,)
(-2118.3910793955038,)
(-2116.738356988862,)
(-2116.738356988862,)
(-2116.6134182522537,)
(-2114.84556695851,)
(-2114.442231917951,)
