gen	time   	min     	avg     	max     	std    
0  	5.77251	-5539.04	-3360.35	-2631.31	416.732
1  	8.21791	-4326.26	-3052.75	-2605.07	227.734
2  	10.7179	-3442.81	-2878.77	-2541   	130.085
3  	13.2915	-3618.52	-2783.24	-2537.27	107.105
4  	15.7079	-3791.25	-2715.11	-2537.27	96.1578
5  	18.0621	-3274.94	-2654.49	-2508.62	68.6545
6  	20.4404	-7962.43	-2619.46	-2480.24	247.022
7  	22.8926	-3630.12	-2572.65	-2435.92	74.0556
8  	25.1517	-3264.28	-2536.2 	-2422.28	48.9865
9  	27.5278	-2963.55	-2508.85	-2417.93	40.4129
10 	29.7832	-2997.78	-2485.28	-2417.79	42.3456
11 	32.0536	-2908.23	-2460.97	-2396.56	34.1167
12 	34.4078	-3192.08	-2444.21	-2368   	52.9991
13 	36.7667	-2665.07	-2425.21	-2368   	24.1127
14 	39.1642	-3031.7 	-2415.38	-2354.63	45.9425
15 	41.5175	-3222.72	-2400.5 	-2343.26	50.1366
16 	43.846 	-2932.88	-2385.76	-2327.43	36.468 
17 	46.1655	-2600.85	-2371.42	-2323.13	25.1532
18 	48.4931	-2655.57	-2359.28	-2296.1 	26.332 
19 	50.8636	-2529.21	-2345.64	-2291.61	20.101 
20 	53.1642	-2807.8 	-2334.4 	-2290.07	28.5159
21 	55.4935	-2548.01	-2322.43	-2285.56	20.9715
22 	57.7553	-2445.35	-2310.31	-2274.98	16.7921
23 	60.1408	-2493.2 	-2300.57	-2268.64	18.2891
24 	62.3661	-2519.73	-2291.81	-2262.29	20.3973
25 	64.736 	-3527.79	-2287.77	-2261.54	61.9022
26 	67.0192	-2406.98	-2276.35	-2256.37	11.8745
27 	69.3959	-2987.98	-2273.47	-2252.9 	35.2044
28 	71.6978	-2407.17	-2266.9 	-2248.37	13.0099
29 	73.9529	-2810.05	-2264.55	-2240.55	32.7585
30 	76.2493	-2633.74	-2258.48	-2236.96	20.6863
31 	78.6256	-2443.36	-2254.02	-2230.8 	17.2753
32 	80.9803	-2379.18	-2249.06	-2226.55	14.4065
33 	83.3154	-2621.84	-2245.8 	-2222.79	28.9151
34 	85.6049	-2588.65	-2240.9 	-2219.49	26.9557
35 	87.8839	-2452.7 	-2234.29	-2219.11	15.4436
36 	90.1803	-2618.71	-2232.91	-2218.08	30.7324
37 	92.4708	-3038   	-2232.23	-2214.01	48.653 
38 	94.8667	-2448.41	-2224.81	-2208.71	16.5961
39 	97.2409	-2517.61	-2222.91	-2203.95	18.7185
40 	99.6102	-3201.24	-2221.58	-2202.22	47.0156
41 	101.958	-2368.33	-2214.82	-2200.22	9.55781
42 	104.293	-2354.86	-2212.42	-2195.53	11.5402
43 	106.598	-2654.53	-2211.15	-2192.54	24.9554
44 	108.895	-2540.15	-2208.71	-2189.44	23.8578
45 	111.212	-2579.23	-2204.98	-2186.72	22.5124
46 	113.563	-3036.06	-2202.84	-2184.41	44.201 
47 	116.015	-2425.42	-2197.68	-2179.71	19.6752
48 	118.204	-2538.44	-2193.87	-2179.71	20.9262
49 	120.571	-2317.1 	-2190.03	-2179.01	10.0936
50 	122.886	-2528.25	-2190.58	-2178.12	27.4042
51 	125.214	-2363.29	-2185.78	-2175.46	11.8493
52 	127.544	-2527.75	-2183.89	-2175.46	18.8599
53 	129.885	-2499.77	-2183.59	-2174.19	25.1964
54 	132.216	-2395.73	-2180.97	-2173.13	15.7345
55 	134.482	-2319.6 	-2179.81	-2169.3 	13.2446
56 	136.787	-2492.28	-2178.73	-2169.3 	18.683 
57 	139.14 	-2776.8 	-2178.13	-2168.9 	30.5766
58 	141.476	-2271.91	-2174.61	-2164.78	7.86907
59 	143.792	-2375.18	-2174.93	-2163.73	16.0308
60 	146.029	-2342   	-2172.34	-2163.73	11.414 
61 	148.202	-2244.55	-2170.14	-2163.54	6.38893
62 	150.539	-2341.47	-2169.61	-2160.8 	12.5362
63 	152.822	-2392.66	-2168.35	-2160.71	14.0794
64 	155.011	-2341.14	-2167.09	-2158.64	14.6868
65 	157.277	-2263.75	-2165.08	-2158.36	8.00959
66 	159.606	-4060.39	-2170.72	-2157.71	100.22 
67 	161.891	-2248.12	-2162.58	-2155.84	8.20705
68 	164.21 	-2293.85	-2161.66	-2154.67	10.4161
69 	166.578	-2832.94	-2163.6 	-2152.3 	42.6429
70 	168.938	-2440.5 	-2159.87	-2149   	15.4328
71 	171.206	-3131.06	-2160.38	-2149   	46.4686
72 	173.495	-2506.8 	-2157.4 	-2147.6 	20.9317
73 	175.71 	-2281.99	-2155.21	-2147.6 	10.1725
74 	178.042	-2259.43	-2153.18	-2146.47	8.63452
75 	180.322	-2282.29	-2151.83	-2145.38	10.1861
76 	182.667	-3083.23	-2154.16	-2144.76	56.3816
77 	184.961	-2210.89	-2148.68	-2142.31	5.87999
78 	187.299	-2420.89	-2149.34	-2142.31	16.9927
79 	189.672	-2241.91	-2147.02	-2141.63	7.35296
80 	191.999	-2550.86	-2147.09	-2140.79	19.2173
81 	194.285	-2248.96	-2145.48	-2138.71	7.97423
82 	196.62 	-2282.58	-2144.45	-2138.71	8.78891
83 	198.912	-2452.39	-2144.82	-2138.4 	19.9011
84 	201.172	-2632.73	-2143.35	-2138.01	22.9097
85 	203.378	-2169.89	-2140.82	-2136.56	3.13305
86 	205.757	-2592.67	-2142.55	-2136.46	23.4773
87 	208.073	-2189.55	-2139.83	-2134.93	5.28404
88 	210.37 	-2242.04	-2138.86	-2133.89	6.2569 
89 	212.732	-2313.34	-2139.47	-2133.26	11.9707
90 	215.043	-2232.55	-2138.01	-2133.06	7.94516
91 	217.424	-2702.2 	-2139.31	-2132.26	30.1661
92 	219.754	-2176.16	-2135.75	-2131.77	3.64425
93 	222.017	-2541.49	-2136.72	-2131.1 	23.4294
94 	224.358	-2519.32	-2135.9 	-2130.66	20.4911
95 	226.703	-2301.08	-2134.88	-2130.37	12.0458
96 	229.073	-2299.5 	-2134.26	-2129.64	12.807 
97 	231.321	-2219.36	-2132.21	-2128.37	5.29875
98 	233.619	-2341.14	-2133.06	-2127.77	15.5299
99 	235.95 	-2293.6 	-2132.19	-2126.66	12.6572
gen	time   	min     	avg     	max     	std    
0  	6.89729	-14673.1	-3346.54	-2630.39	674.083
1  	9.66908	-3965.55	-3032.71	-2577.7 	212.754
2  	13.11  	-3757.31	-2871.14	-2577.7 	134.711
3  	16.3316	-3424.05	-2774.49	-2564.2 	100.741
4  	19.0266	-6137.72	-2717.38	-2536.41	195.065
5  	22.0172	-3054.29	-2655.31	-2504.38	60.9528
6  	25.1438	-3378.76	-2613.38	-2442.58	77.1535
7  	28.2023	-2782.78	-2569.52	-2429.73	41.5069
8  	31.1462	-2904.21	-2539.94	-2416.81	45.2906
9  	34.3645	-2911.56	-2510.79	-2407.59	41.228 
10 	37.4826	-2703.75	-2483.49	-2391.14	34.1629
11 	40.5827	-3146.15	-2459.67	-2367.8 	47.2458
12 	43.5911	-2543.88	-2432.69	-2357.7 	26.8496
13 	46.5882	-2565.56	-2413.21	-2351.47	26.1273
14 	49.6748	-2503.31	-2395.54	-2335.72	22.0305
15 	52.3448	-2493.16	-2380.91	-2320.52	20.3247
16 	55.4932	-2870.05	-2372.77	-2313.76	39.9725
17 	58.6722	-3105.78	-2360.9 	-2304.69	49.9222
18 	61.7348	-2563.27	-2345.2 	-2297.84	22.8865
19 	64.7909	-2777.22	-2335.02	-2280.26	31.3736
20 	67.8273	-2856.08	-2325.1 	-2270.71	39.1202
21 	70.7439	-2860.37	-2312.82	-2265.07	36.9447
22 	73.7251	-2891.25	-2304.64	-2252.36	44.6328
23 	76.7219	-3330.66	-2295.3 	-2246.81	67.255 
24 	79.9637	-2445.96	-2281.89	-2243.35	17.3356
25 	82.9274	-2977.98	-2276.79	-2240.22	54.0347
26 	85.5561	-3697.37	-2265.77	-2226.01	67.2296
27 	88.3939	-2496.33	-2254.19	-2224.61	22.7066
28 	91.1807	-4488.41	-2250.06	-2211.52	101.918
29 	94.08  	-2571.52	-2238.96	-2209.65	20.7433
30 	96.9108	-2464.49	-2232.2 	-2202.58	16.1793
31 	99.7861	-2480.02	-2226.42	-2195.81	18.3549
32 	102.666	-2457.03	-2220.49	-2192.06	20.2431
33 	105.745	-2669.84	-2216.46	-2187.48	29.3764
34 	108.771	-4087.06	-2211.89	-2185.79	84.709 
35 	111.769	-3115.02	-2206.61	-2184.65	46.5145
36 	114.743	-2292.65	-2198.87	-2183.37	9.44507
37 	117.39 	-2850.54	-2196.24	-2181.14	31.8176
38 	120.138	-2282.12	-2190.08	-2176.34	8.41622
39 	123.168	-2394.55	-2189.53	-2176.34	20.8382
40 	126.081	-2381.2 	-2184.74	-2167.88	12.8996
41 	128.926	-2495.96	-2183.75	-2167.88	21.0992
42 	131.704	-3779.85	-2183.67	-2167.58	72.7499
43 	134.542	-2318.69	-2177.74	-2165.4 	13.3739
44 	137.433	-2280.45	-2173.88	-2164.7 	8.35521
45 	140.504	-2442.59	-2173.19	-2160.17	19.1897
46 	143.431	-2245.24	-2169.96	-2157.72	8.88248
47 	146.426	-2647.98	-2169.17	-2156.49	23.936 
48 	149.386	-2277.65	-2165.14	-2156.16	6.94468
49 	152.088	-3055.57	-2167.61	-2153.02	49.6248
50 	155.024	-2389.9 	-2163.53	-2153.02	20.518 
51 	157.962	-2297.8 	-2159.98	-2151.25	10.3405
52 	160.83 	-2455.79	-2158.82	-2150.82	16.7989
53 	163.739	-2216.38	-2156.28	-2148.58	7.20474
54 	166.742	-2254.5 	-2155.66	-2148.18	10.9665
55 	169.65 	-2280.4 	-2153.85	-2145.97	9.07401
56 	172.699	-2375.37	-2154.55	-2143.64	19.5152
57 	175.624	-2350.55	-2152.98	-2143.64	18.2489
58 	178.538	-2381.81	-2149.95	-2142.94	12.5919
59 	181.478	-2375.86	-2148.5 	-2141.76	12.752 
60 	184.115	-2276.12	-2147.93	-2138.69	13.8942
61 	187.018	-2372.51	-2145.76	-2137.29	13.2886
62 	189.776	-2544.6 	-2145.3 	-2136.47	20.2525
63 	192.738	-2548.58	-2144.99	-2136.21	28.0524
64 	195.55 	-2326.84	-2142.32	-2133.97	13.914 
65 	198.409	-2275.49	-2140.17	-2133.27	11.6399
66 	201.593	-2251.37	-2138.46	-2133.22	6.81043
67 	204.717	-2588.28	-2139.55	-2132.15	27.2472
68 	207.71 	-2305.07	-2136.75	-2131.03	11.1277
69 	210.682	-2171.38	-2134.7 	-2128.65	3.99535
70 	213.587	-2311.62	-2135.61	-2127.93	13.8315
71 	216.406	-2333.18	-2133.3 	-2126.43	10.8532
72 	219.279	-2977   	-2136.85	-2126   	57.7741
73 	222.41 	-2190.99	-2131.1 	-2124.48	7.00348
74 	225.363	-2295.17	-2131.15	-2124.48	15.1592
75 	228.506	-2215.3 	-2128.14	-2123.06	5.57962
76 	231.339	-2255.46	-2127.77	-2122.56	8.85519
77 	234.3  	-2249.67	-2126.57	-2120.83	9.86018
78 	237.305	-2204.76	-2125.07	-2120.13	6.13118
79 	240.474	-2294.09	-2125.75	-2118.7 	12.5322
80 	243.366	-2262.29	-2124.48	-2117.17	11.7795
81 	246.258	-2809.18	-2124.71	-2117.17	34.7714
82 	249.082	-2268.46	-2121.74	-2115.78	8.30519
83 	252.029	-2300.58	-2121.78	-2115.69	13.755 
84 	255.089	-2183.93	-2120.04	-2114.62	6.48602
85 	258.04 	-2310.48	-2119.63	-2114.25	11.8221
86 	260.974	-2201.13	-2117.83	-2113.57	5.30379
87 	263.934	-2269.06	-2118.08	-2112.41	11.093 
88 	266.809	-2229.55	-2116.85	-2112.41	8.44195
89 	269.6  	-2178.21	-2115.76	-2112.4 	5.48639
90 	272.695	-2224.7 	-2115.59	-2111.1 	8.64255
91 	275.696	-2176.51	-2114.69	-2110.01	6.29292
92 	278.588	-2164.01	-2114.01	-2110.01	5.44786
93 	281.443	-2478.43	-2115.18	-2109.61	25.4257
94 	283.969	-2340.04	-2113.63	-2108.38	12.7262
95 	286.974	-2437.15	-2113.21	-2107.7 	18.2693
96 	289.916	-2244.82	-2111.75	-2106.19	8.70309
97 	292.694	-2232.04	-2111.03	-2105.49	8.57199
98 	295.543	-2390.08	-2111.35	-2105.49	15.4585
99 	298.591	-2289.58	-2110.02	-2105.41	11.5101
