gen	time   	min     	avg     	max     	std    
0  	6.12952	-245440 	-5650.66	-2648.82	11930.8
1  	8.85193	-84092.7	-5180.48	-2636.56	5884.88
2  	11.3674	-61713.5	-5023.38	-2636.56	5287.85
3  	13.9585	-58781.2	-4966.41	-2614.47	4735.77
4  	16.4762	-58925.7	-4980.61	-2614.47	4780.17
5  	18.9469	-53853  	-4877.02	-2599.88	4159.35
6  	21.4965	-34870.7	-4814.48	-2570.96	3715.73
7  	24.014 	-34527.6	-4759.54	-2570.96	3618.25
8  	26.5735	-34786.7	-4676.9 	-2570.96	3228.22
9  	29.1049	-34661.6	-4682.24	-2570.96	3241.27
10 	31.5554	-32254.5	-4574.87	-2553.54	2818.9 
11 	34.0198	-30018.4	-4544.7 	-2553.54	2620.24
12 	36.5051	-20897.2	-4504.73	-2553.54	2435.65
13 	39.104 	-24272.6	-4529.91	-2552.14	2638.66
14 	41.6275	-23883.2	-4488.1 	-2518.61	2550.2 
15 	44.0944	-21069.9	-4455.34	-2518.61	2406.89
16 	46.634 	-21167  	-4423.91	-2490.69	2298.71
17 	49.1941	-16764.6	-4375.25	-2490.69	2139.35
18 	51.6173	-16554.4	-4369.72	-2490.69	2080.94
19 	54.158 	-17057  	-4381.29	-2490.69	2175.89
20 	56.651 	-16545.4	-4364.92	-2440.15	2149.72
21 	59.1656	-15902.9	-4347.02	-2440.15	2078.84
22 	61.648 	-16693.3	-4334.72	-2435.92	2042.42
23 	64.1713	-16718.6	-4309.84	-2435.92	2046.71
24 	66.6806	-16648.7	-4297.04	-2418.64	2002.41
25 	69.1756	-14906.6	-4273.91	-2418.64	1958.63
26 	71.7165	-16686.3	-4259.39	-2418.64	1937.26
27 	74.1613	-14914  	-4246.13	-2418.64	1891.81
28 	76.6338	-15509  	-4247.09	-2418.64	1940.7 
29 	79.106 	-14883.9	-4232.58	-2418.64	1894.5 
30 	81.6776	-14880.1	-4227.46	-2410.05	1909.74
31 	84.1576	-14689.3	-4216.12	-2409.21	1854.23
32 	86.6471	-13918.2	-4220.43	-2400.35	1858.91
33 	89.1948	-18326.7	-4228.93	-2400.35	1899.31
34 	91.6906	-13765  	-4205.21	-2383.93	1804.75
35 	94.1309	-14059.9	-4192.11	-2383.93	1770.9 
36 	96.6307	-14723.9	-4174.14	-2383.93	1737.52
37 	99.0424	-20897.8	-4217.4 	-2382.3 	1928.36
38 	101.57 	-20632.3	-4231.74	-2382.3 	1966.46
39 	104.054	-20646  	-4227.94	-2376.27	1972.31
40 	106.532	-15161.8	-4199.88	-2376.05	1868.16
41 	108.937	-14883.2	-4182.65	-2375.57	1833.05
42 	111.489	-15064  	-4199.01	-2374.13	1863.57
43 	113.997	-14071  	-4198.09	-2370.83	1861.65
44 	116.444	-14080.5	-4199.97	-2365.59	1876.69
45 	118.981	-14064  	-4190.34	-2353.9 	1878.87
46 	121.53 	-13165.1	-4181.95	-2353.9 	1869.84
47 	124.021	-13662  	-4173.92	-2352.86	1878.31
48 	126.572	-13207.6	-4167.91	-2351.58	1854.19
49 	129.044	-13423.1	-4150.86	-2349.73	1816.36
50 	131.58 	-19902  	-4167.15	-2349.73	1944.93
51 	134.099	-13663.1	-4162.92	-2349.73	1859.65
52 	136.669	-18329.9	-4159.21	-2349.73	1930.87
53 	139.15 	-15933.4	-4123.75	-2349.73	1835.38
54 	141.63 	-15723.4	-4118.54	-2349.73	1869.65
55 	144.178	-14703.9	-4100.45	-2342.88	1842.42
56 	146.611	-15484.6	-4078.77	-2340.05	1809.53
57 	149.083	-13345.4	-4065.57	-2340.05	1776.92
58 	151.59 	-14045.6	-4084.46	-2340.05	1857.09
59 	154.142	-14197.6	-4088.21	-2340.05	1877.11
60 	156.742	-14116.6	-4077.71	-2337.93	1848.95
61 	159.298	-13565.7	-4056.04	-2337.93	1801.65
62 	161.813	-12312.5	-4038.96	-2335.62	1759.63
63 	164.257	-12162.9	-4026.11	-2335.62	1731.13
64 	166.806	-11782.8	-4010.94	-2335.62	1697.92
65 	169.295	-11720.7	-4003.28	-2335.39	1678.47
66 	171.758	-12055.5	-3989.36	-2331.09	1647.08
67 	174.211	-11128.4	-3969.64	-2331.09	1616.09
68 	176.635	-11652.5	-3956.29	-2331.09	1593.91
69 	179.106	-11115.8	-3956.48	-2331.09	1587.37
70 	181.571	-11075.6	-3943.08	-2330.39	1569.52
71 	184.048	-10847.5	-3933.87	-2328.55	1564.04
72 	186.52 	-10997.3	-3943.42	-2323.46	1584.23
73 	188.952	-11124.3	-3931.66	-2323.46	1568.66
74 	191.509	-15007.1	-3968.63	-2323.46	1722.18
75 	194.061	-13952.1	-3976.9 	-2323.46	1706.22
76 	196.56 	-12803  	-3969.29	-2323.06	1673.56
77 	199.088	-12684.6	-3953.8 	-2323.06	1655.07
78 	201.61 	-12426.8	-3964.51	-2323.06	1681.88
79 	204.105	-12484.7	-3950.1 	-2323.06	1652.14
80 	206.619	-16121.9	-3944.42	-2323.06	1694.77
81 	209.128	-12676.7	-3920.06	-2315.73	1618.6 
82 	211.634	-12055.2	-3903.87	-2315.73	1581.03
83 	214.037	-11229.2	-3905.85	-2315.73	1566.63
84 	216.545	-11093.1	-3907.1 	-2312.73	1573.1 
85 	219.036	-11048.2	-3897.55	-2312.73	1570.06
86 	221.531	-10471.7	-3886.15	-2312.73	1561.48
87 	224.053	-10994.6	-3882.82	-2312.73	1565.4 
88 	226.5  	-10951.5	-3873.35	-2305.95	1551.13
89 	229.017	-10539.4	-3867.56	-2305.95	1535.14
90 	231.522	-10647.5	-3859.52	-2305.95	1537.84
91 	234.021	-10731.9	-3870.95	-2305.95	1557.9 
92 	236.535	-10757.8	-3871.34	-2300.55	1557.71
93 	239.052	-10311  	-3870.18	-2300.55	1550.36
94 	241.497	-11359.7	-3875.04	-2297.28	1550.54
95 	243.918	-11606.5	-3881.53	-2297.28	1598.65
96 	246.449	-28712.9	-3923.37	-2295.88	1939.62
97 	248.942	-11574.1	-3876.9 	-2295.88	1594.26
98 	251.404	-11503.2	-3880.33	-2295.88	1579.99
99 	253.878	-10739.3	-3876.23	-2295.88	1580.18
gen	time   	min     	avg     	max     	std    
0  	5.95797	-393791 	-6005.76	-2467.37	19273.9
1  	8.68258	-393787 	-6054.09	-2467.37	19324.4
2  	11.2741	-35072.4	-4936.26	-2467.37	3877.18
3  	13.8457	-35090.2	-4857.38	-2467.37	3697.31
4  	16.4756	-32607.9	-4803.28	-2466.42	3680.02
5  	19.3148	-37243.3	-4834.72	-2466.42	3810.74
6  	21.6819	-32612.7	-4775.81	-2466.42	3542.08
7  	24.245 	-30271.6	-4733   	-2466.42	3356.97
8  	26.7523	-23478.3	-4661.09	-2466.42	3063.62
9  	29.2093	-23756.3	-4616.18	-2466.42	2945.49
10 	31.6396	-20215.5	-4571.12	-2466.42	2797.89
11 	34.1051	-22386  	-4522.42	-2466.42	2677.62
12 	36.4843	-22304.4	-4496.9 	-2461.35	2599.75
13 	38.9258	-20067.1	-4483.05	-2461.35	2489.15
14 	41.7312	-19636.3	-4469.46	-2461.35	2417.94
15 	44.1365	-19735.8	-4471.57	-2461.35	2460.16
16 	46.6404	-16535.1	-4424.58	-2461.35	2303.7 
17 	49.1933	-16509  	-4413.22	-2461.35	2257.31
18 	52.0367	-16528.3	-4414.07	-2444.52	2287.14
19 	54.5162	-15585.4	-4403.59	-2444.52	2242.6 
20 	56.9976	-15421.4	-4397.91	-2436.24	2201.08
21 	59.4728	-18363.1	-4366.85	-2434.24	2166.94
22 	61.9311	-15447.3	-4368.86	-2434.18	2144.58
23 	64.3532	-15269.8	-4339.24	-2430.02	2085.6 
24 	66.788 	-23030.9	-4333.8 	-2424.52	2180.6 
25 	69.1063	-15333  	-4298.48	-2424.52	2042.76
26 	71.6026	-15429.5	-4283.11	-2405.5 	2034.61
27 	74.0317	-16423.8	-4255.52	-2405.5 	1981.38
28 	76.5095	-16446.4	-4221.04	-2405.5 	1923.93
29 	78.9867	-14233.5	-4212.91	-2404.06	1923.44
30 	81.4236	-13546.9	-4207.34	-2404.06	1881.57
31 	83.8468	-13306.1	-4189.15	-2404.06	1869.46
32 	86.2156	-13239.1	-4175.91	-2404.06	1855.23
33 	88.7302	-20251.6	-4175.16	-2403.4 	1946.6 
34 	91.5498	-28053.8	-4242.34	-2400.46	2261.74
35 	94.0378	-43213.5	-4251.24	-2400.46	2571.2 
36 	96.4602	-28073.5	-4205.33	-2398.93	2126.31
37 	98.9462	-15163.2	-4163.99	-2375.61	1872.43
38 	101.457	-13011.2	-4146.49	-2375.61	1819.72
39 	103.894	-12004.2	-4141.06	-2375.61	1811.92
40 	106.424	-14708.4	-4137.91	-2375.61	1846.32
41 	108.914	-14572.3	-4143.02	-2375.61	1842.5 
42 	111.369	-14559.9	-4147.75	-2370.96	1870.95
43 	113.884	-15890.3	-4158.33	-2368.55	1936.87
44 	116.34 	-18857.1	-4208.67	-2366.14	2091.64
45 	118.849	-16564.8	-4188.84	-2359.74	2003.2 
46 	121.251	-15928.8	-4179.14	-2349.95	1977.26
47 	123.753	-15810.7	-4180.85	-2349.95	1995.32
48 	126.189	-14989.3	-4193.21	-2349.95	2026.74
49 	128.589	-15869.8	-4183.8 	-2349.95	2001.36
50 	131.011	-14708.5	-4156.95	-2349.95	1939.78
51 	133.454	-14934.4	-4161.65	-2349.95	1958.4 
52 	135.91 	-17194.9	-4172.02	-2349.95	2010.37
53 	138.27 	-21961.5	-4221.92	-2349.95	2205.56
54 	140.613	-21238  	-4184.8 	-2344.09	2099.63
55 	143.047	-15351  	-4149.7 	-2344.09	1963.73
56 	145.443	-14835.3	-4131.44	-2344.09	1922.65
57 	147.903	-14687.2	-4138.73	-2344.09	1942.76
58 	150.295	-17553.9	-4131.46	-2344.09	1921.89
59 	152.75 	-15375.1	-4112.65	-2344.09	1865.83
60 	155.217	-14332.6	-4104.3 	-2344.09	1821.46
61 	157.682	-13970.4	-4102.07	-2344.09	1789.71
62 	160.103	-13888.5	-4091.68	-2344.09	1769.18
63 	162.595	-14244.9	-4120.12	-2344.09	1838.37
64 	165.057	-13144.1	-4106.9 	-2336.32	1807.79
65 	167.497	-13081.4	-4110.09	-2335.62	1824.47
66 	169.977	-13185.4	-4104.35	-2335.62	1820.53
67 	172.475	-13107.4	-4112   	-2335.62	1853.96
68 	174.984	-13171.1	-4115.93	-2335.62	1877.54
69 	177.405	-14713.6	-4087.1 	-2335.62	1825.74
70 	179.83 	-13969.6	-4085.55	-2332.1 	1836.53
71 	182.271	-13798  	-4099.54	-2332.1 	1858.91
72 	184.704	-13530.8	-4090.02	-2328.35	1833.73
73 	187.083	-14300.3	-4103.75	-2328.35	1873.64
74 	189.512	-14399.7	-4095.09	-2328.35	1900.5 
75 	191.971	-14075.6	-4096.9 	-2328.35	1900.7 
76 	194.404	-13588.1	-4092.39	-2328.35	1872.31
77 	196.829	-14035.6	-4073.18	-2325.65	1833.11
78 	199.282	-15485.4	-4090.47	-2325.65	1874.5 
79 	201.751	-13538.4	-4083.83	-2325.01	1863.06
80 	204.245	-12510.2	-4075.38	-2325.01	1850.95
81 	206.699	-13460.5	-4080.55	-2320.22	1885.79
82 	209.158	-13901.2	-4077.19	-2320.22	1901.81
83 	211.538	-18032.9	-4074.17	-2320.22	1921.32
84 	213.987	-12306.1	-4057.49	-2320.22	1833.27
85 	216.482	-12148.8	-4051.81	-2320.22	1810.1 
86 	219.011	-12254.9	-4048.17	-2320.22	1819.03
87 	221.339	-12254.9	-4038.66	-2320.22	1804.28
88 	223.708	-20144.3	-4084.46	-2316.77	1972.49
89 	226.131	-20456.6	-4105.37	-2315.79	2026.81
90 	228.557	-17071.8	-4095.63	-2315.79	1980.19
91 	230.905	-14098  	-4082.66	-2312.49	1939.22
92 	233.371	-13527.7	-4082.51	-2312.49	1929.81
93 	235.898	-14146.7	-4081.12	-2312.49	1946.19
94 	238.335	-13615.5	-4080.69	-2312.49	1930.88
95 	240.689	-12756.2	-4064.84	-2309.47	1896.08
96 	243.084	-12775.5	-4046.73	-2309.47	1856.79
97 	245.541	-12082.7	-4035.66	-2309.47	1846.64
98 	247.973	-12710  	-4039.07	-2309.47	1860.54
99 	250.393	-12914.2	-4023.26	-2309.47	1832.26
gen	time   	min     	avg     	max     	std    
0  	5.52351	-91858.8	-4936.38	-2629.11	6099.23
1  	8.03858	-83620.5	-4769.11	-2629.11	4831.7 
2  	10.579 	-34503.5	-4537.93	-2619.76	3039.6 
3  	13.0532	-30791.6	-4481.63	-2619.76	2774.54
4  	15.6345	-27482.8	-4463.17	-2619.76	2649.96
5  	18.1114	-26560.5	-4451.12	-2539.26	2513.57
6  	20.5843	-25894.2	-4420.64	-2531.77	2411.76
7  	23.1192	-25909.5	-4378.49	-2531.77	2415.81
8  	25.6855	-25925.5	-4380.85	-2531.77	2478.39
9  	28.0943	-25897.5	-4332.77	-2531.77	2335.99
10 	30.5771	-25490.9	-4293.49	-2512.4 	2164.85
11 	33.0762	-17251.8	-4275.83	-2510.01	2026.74
12 	35.592 	-15290.2	-4255.11	-2510.01	1972.76
13 	38.1008	-15028.9	-4249.1 	-2510.01	1944.88
14 	40.5596	-14442.4	-4234.55	-2510.01	1885.73
15 	43.0771	-14442  	-4239.36	-2510.01	1889.35
16 	45.4857	-13796.8	-4201.97	-2504.09	1793.35
17 	47.9124	-17111.2	-4253.19	-2498.67	1947.46
18 	50.3788	-14889.3	-4239.18	-2498.67	1910.55
19 	52.8646	-15803.5	-4246.39	-2495.62	1973.51
20 	55.3879	-15803.8	-4226   	-2481.73	1900.12
21 	57.8612	-15583.8	-4211.07	-2481.73	1910.24
22 	60.3311	-15343.2	-4213.34	-2481.73	1893.8 
23 	62.8125	-15050.2	-4197.57	-2478.68	1857.58
24 	65.3521	-15183.7	-4169.93	-2478.68	1847.6 
25 	67.7839	-18420.7	-4197.64	-2478.68	1900.05
26 	70.2327	-15153.4	-4169.01	-2478.68	1809.15
27 	72.7226	-15644.8	-4162.85	-2476.18	1857.28
28 	75.1892	-15625.4	-4156.65	-2461.6 	1836.94
29 	77.6564	-15619  	-4164.23	-2461.6 	1853.16
30 	80.1653	-15589.6	-4172.99	-2461.6 	1869.39
31 	82.6221	-15350.4	-4165.84	-2438.99	1813.57
32 	85.136 	-15363.1	-4182.46	-2438.99	1872.98
33 	87.6783	-14696.9	-4159.82	-2438.99	1817.56
34 	90.1973	-15146.4	-4157.9 	-2438.99	1840.64
35 	92.7073	-14771.8	-4176.11	-2432.09	1868.71
36 	95.1096	-14786.9	-4162.56	-2423.8 	1878.17
37 	97.5952	-16435.5	-4162.07	-2423.8 	1913.38
38 	100.033	-15152.9	-4138.61	-2423.8 	1860.58
39 	102.462	-15790.6	-4146.71	-2419.96	1895.07
40 	104.967	-14504.3	-4128.36	-2419.96	1848.24
41 	107.392	-19333.2	-4143.04	-2375.39	1929.25
42 	109.838	-14183.1	-4119.82	-2375.39	1839.14
43 	112.298	-13852.9	-4105.23	-2375.39	1798.73
44 	114.722	-12595.2	-4079.22	-2375.39	1738.4 
45 	117.244	-11640.7	-4072.35	-2368.66	1718.24
46 	119.692	-11663  	-4061.82	-2368.66	1715.36
47 	122.171	-19726.1	-4061.75	-2368.66	1812.55
48 	124.661	-14281.9	-4047.97	-2357.91	1730.22
49 	127.115	-14993.9	-4055.38	-2351.81	1777.27
50 	129.507	-15053.8	-4070.24	-2351.81	1832.76
51 	131.999	-14275.9	-4053.64	-2351.81	1793.28
52 	134.356	-13758.6	-4052.24	-2351.81	1757.36
53 	136.837	-14808.1	-4048.72	-2344.85	1777.68
54 	139.243	-12545.3	-4041.73	-2343.88	1731.44
55 	141.754	-13209  	-4029.79	-2343.88	1720.98
56 	144.177	-12426.8	-4012.04	-2342.84	1713.65
57 	146.644	-12369  	-4011.26	-2342.84	1719.52
58 	149.158	-12215.6	-3998.14	-2342.84	1705.64
59 	151.662	-12213  	-3987.39	-2334.73	1680.11
60 	154.101	-13736.4	-3961.12	-2334.73	1615.48
61 	156.636	-11147  	-3933.78	-2331.61	1539.88
62 	159.091	-11142.2	-3928.67	-2317.9 	1540.98
63 	161.562	-11142.2	-3930.8 	-2317.9 	1546.4 
64 	163.965	-10556.7	-3927.57	-2317.9 	1535.26
65 	166.447	-10935.5	-3926.14	-2317.9 	1554.73
66 	168.853	-15552.5	-3927.74	-2317.9 	1595.57
67 	171.308	-15552.5	-3924.88	-2317.9 	1612.29
68 	173.796	-15916.8	-3938.07	-2317.9 	1632.29
69 	176.227	-15435.1	-3925.97	-2317.9 	1626.64
70 	178.693	-11164.1	-3917.51	-2317.9 	1571.04
71 	181.118	-12835.3	-3900.25	-2317.9 	1583.07
72 	183.463	-11726.9	-3889.67	-2310.74	1579.43
73 	185.919	-11563  	-3889.98	-2310.04	1589.29
74 	188.484	-11563  	-3882.83	-2310.04	1572.36
75 	191.004	-10850.7	-3881.7 	-2307.34	1564.06
76 	193.43 	-19792.3	-3924.29	-2307.34	1757.56
77 	195.838	-13763.7	-3901.86	-2307.34	1641.38
78 	198.285	-13368.8	-3895.7 	-2307.34	1619.08
79 	200.82 	-12159.3	-3893.85	-2304.73	1611.68
80 	203.309	-11340.1	-3884.18	-2300.56	1575.05
81 	205.815	-11547.2	-3870.19	-2299.08	1562.87
82 	208.126	-11030  	-3860.55	-2296.91	1542.99
83 	210.568	-11494.5	-3863.22	-2296.91	1569.1 
84 	212.945	-11713.6	-3853.9 	-2296.91	1533.98
85 	215.426	-11923.3	-3883.3 	-2296.91	1586.29
86 	217.923	-11162.5	-3895.97	-2296.21	1587.95
87 	220.391	-11206.5	-3900.61	-2296.21	1607.18
88 	222.881	-10524.6	-3893.43	-2294.43	1595.83
89 	225.481	-10494.8	-3885.09	-2294.43	1597.64
90 	228.01 	-12855.8	-3895.88	-2294.34	1637.01
91 	230.518	-11402.4	-3883.38	-2294.34	1589.69
92 	232.924	-12365.5	-3904.63	-2291.81	1630.64
93 	235.254	-11442.7	-3885.83	-2291.81	1591.44
94 	237.696	-11323.1	-3880.59	-2291.81	1573.8 
95 	240.18 	-11094.2	-3866.4 	-2291.81	1576.75
96 	242.819	-10741.1	-3853.63	-2291.81	1561.67
97 	245.372	-10927.7	-3862.11	-2290.6 	1561.45
98 	247.902	-11576.7	-3851.41	-2284.26	1556.39
99 	250.333	-10097  	-3835.1 	-2284.26	1521.16
gen	time   	min     	avg     	max     	std    
0  	5.88579	-192294 	-6805.96	-2638.91	15127.9
1  	8.58467	-144442 	-6501.89	-2625.27	12749.2
2  	11.2014	-142259 	-6250.42	-2603.09	11164  
3  	13.7871	-142407 	-5928.53	-2603.09	9878.66
4  	16.3831	-122684 	-5649.86	-2603.09	7839.4 
5  	19.1022	-55580.8	-5398.43	-2603.09	5842.23
6  	21.5952	-53173.7	-5293.89	-2587.99	5460.5 
7  	24.0738	-53094.7	-5171.83	-2576.49	5098.64
8  	26.6609	-37607.3	-4975.43	-2576.49	4139.7 
9  	29.2087	-37169.5	-4911.06	-2554.54	3889.16
10 	31.6526	-43279.3	-4795.54	-2551.3 	3610.02
11 	34.2055	-43173.2	-4847.07	-2494.59	3884.26
12 	36.6997	-46060.7	-4776.16	-2490.29	3581.02
13 	39.2573	-30389.3	-4716.14	-2490.29	3206.95
14 	41.7176	-29549.3	-4699.85	-2490.29	3074.87
15 	44.2935	-29582.8	-4653.09	-2490.29	2932.53
16 	46.8577	-28143.5	-4619.39	-2490.29	2825.19
17 	49.3442	-28006.2	-4623.34	-2427.42	2801.88
18 	51.8458	-21786.2	-4580.37	-2427.42	2736.21
19 	54.3951	-21192.1	-4579.03	-2427.42	2678.08
20 	56.8244	-18861.6	-4556.91	-2426.72	2629.04
21 	59.3855	-22356.5	-4574.8 	-2426.72	2742.67
22 	61.9651	-22358  	-4606.51	-2426.72	2841.8 
23 	64.525 	-20668.7	-4605.13	-2425.72	2830.27
24 	67.0184	-23990.1	-4547.48	-2425.72	2726.46
25 	69.4629	-19189.7	-4485.03	-2425.72	2497.22
26 	71.886 	-19453  	-4440.62	-2425.72	2395.82
27 	74.4153	-21236  	-4419.17	-2425.72	2336.54
28 	76.9589	-22076.7	-4457.11	-2425.72	2490.7 
29 	79.409 	-21248.7	-4445.41	-2425.72	2444.15
30 	81.8716	-18300.4	-4421.6 	-2408.92	2357.84
31 	84.389 	-24825.8	-4376.13	-2408.43	2393.3 
32 	86.8949	-17071.7	-4349.76	-2408.43	2156.95
33 	89.4066	-15905.6	-4324.06	-2408.43	2109.38
34 	92.0355	-15922.9	-4308.77	-2408.43	2066.32
35 	94.4554	-23574.7	-4352.77	-2408.43	2272.8 
36 	96.9305	-18114.6	-4363.82	-2406.03	2253.13
37 	99.438 	-20286.6	-4355.77	-2406.03	2309.07
38 	101.9  	-20294.6	-4370.93	-2406.03	2363.1 
39 	104.442	-20338  	-4376.41	-2406.03	2380.6 
40 	106.942	-19656.8	-4346.63	-2406.03	2306.23
41 	109.431	-17172.3	-4333.54	-2406.03	2203.98
42 	111.959	-17007.4	-4316.46	-2406.03	2177.85
43 	114.405	-21444.4	-4388.34	-2403.69	2416.83
44 	116.982	-19115.1	-4355.38	-2398.34	2312.21
45 	119.355	-18867.4	-4341.94	-2398.17	2321.29
46 	121.894	-18863.3	-4344.76	-2396.07	2334.36
47 	124.415	-17116.7	-4331.9 	-2396.07	2330.39
48 	127.014	-16719.4	-4321.73	-2386.76	2302.43
49 	129.538	-16847  	-4338.15	-2367.69	2361.26
50 	132.01 	-16479.4	-4317.66	-2367.69	2325.83
51 	134.449	-16499.1	-4293.99	-2367.69	2259.47
52 	136.847	-16164  	-4275.41	-2367.69	2232.74
53 	139.361	-16317.5	-4271.45	-2367.69	2229.94
54 	141.935	-16812.2	-4246.84	-2367.69	2188.74
55 	144.451	-16784.2	-4230   	-2361.79	2164.04
56 	146.937	-15579.8	-4205.27	-2360.29	2123.67
57 	149.449	-20115.4	-4221.43	-2360.29	2199.68
58 	151.91 	-20330  	-4222.6 	-2360.29	2253.45
59 	154.417	-19911  	-4188.3 	-2360.29	2155.28
60 	156.922	-19978.7	-4165.8 	-2360.29	2115.02
61 	159.444	-15955.8	-4129.34	-2360.29	2001.11
62 	161.93 	-15955.8	-4137.88	-2356.98	2040.14
63 	164.355	-15427.3	-4121.58	-2356.98	1991.02
64 	166.848	-15373  	-4112.16	-2356.98	1942.79
65 	169.271	-15831.9	-4092.58	-2356.98	1876.88
66 	171.712	-14534.7	-4090.01	-2356.28	1875.44
67 	174.373	-14542.1	-4101.37	-2356.28	1890.17
68 	176.86 	-13451.4	-4091.79	-2355.98	1844.09
69 	179.355	-13451.4	-4082.6 	-2336.06	1819.88
70 	181.832	-13136.1	-4074.37	-2336.06	1793.12
71 	184.352	-14321.9	-4070.82	-2336.06	1790.54
72 	186.795	-12799.4	-4065.29	-2336.06	1743.74
73 	189.267	-11537.8	-4059.56	-2336.06	1745.07
74 	191.667	-11540.3	-4059.12	-2336.06	1757.91
75 	194.104	-11121.2	-4046.25	-2336.06	1727.97
76 	196.477	-14438.5	-4057.39	-2335.24	1805.09
77 	199.016	-14975.8	-4055.69	-2335.24	1822.01
78 	201.486	-14975.8	-4038.39	-2333.94	1795.81
79 	203.983	-13992.2	-4027.29	-2329.9 	1743.45
80 	206.388	-14006.7	-4014.88	-2327.3 	1721.75
81 	208.906	-12793.4	-4007.68	-2327.3 	1709.12
82 	211.345	-11930.1	-4001.3 	-2327.3 	1685.1 
83 	213.831	-11575  	-3992.35	-2324.79	1669.66
84 	216.316	-11277.1	-3976.81	-2324.79	1631.6 
85 	218.726	-11600.3	-3958.72	-2303.77	1629.37
86 	221.128	-11593.5	-3956.88	-2303.77	1618.81
87 	223.609	-11010.2	-3943.83	-2303.77	1589.74
88 	226.11 	-10700.6	-3936.66	-2303.77	1581.61
89 	228.574	-12346.2	-3953.95	-2303.77	1616.41
90 	230.99 	-12583.9	-3951.18	-2303.77	1678.27
91 	233.405	-12287.4	-3940.09	-2302.72	1660.85
92 	235.848	-12112.5	-3923.78	-2301.37	1628.37
93 	238.302	-11776.7	-3912.16	-2301.37	1602.05
94 	240.765	-11334  	-3906.61	-2300.08	1571.02
95 	243.317	-10642.3	-3897.24	-2297.22	1544.13
96 	245.717	-10642.3	-3892.44	-2297.22	1539.3 
97 	248.123	-12994.6	-3908.02	-2297.22	1600.5 
98 	250.655	-10961.1	-3891.45	-2293.35	1572.47
99 	253.126	-12416.8	-3896.46	-2292.52	1590.12
gen	time   	min     	avg     	max     	std    
0  	6.25803	-276422 	-6849.98	-2674.66	22731.9
1  	8.93697	-264166 	-6303.68	-2674.66	19269.9
2  	11.5002	-253207 	-5782.5 	-2617.21	15482  
3  	14.0078	-226584 	-5286.8 	-2617.21	10837.2
4  	16.5514	-60220.2	-4969.71	-2617.21	4793.84
5  	19.0474	-60436.5	-4947.25	-2613.99	4493.48
6  	21.5991	-31286.6	-4756.9 	-2560.45	3338.3 
7  	24.0477	-31297.3	-4751.05	-2539.17	3316.84
8  	26.4908	-31221.4	-4694.47	-2525.65	3065.93
9  	28.9711	-29137.4	-4661.21	-2525.65	2916.41
10 	31.4607	-20049.1	-4587.63	-2525.65	2613.16
11 	34.0068	-33995.3	-4581.65	-2525.65	2822.47
12 	36.4895	-21277.2	-4546.7 	-2525.65	2524.94
13 	38.9757	-22196.4	-4512.66	-2507.61	2409.5 
14 	41.4992	-18733  	-4493.77	-2497.45	2372.39
15 	43.9986	-18766.3	-4518.09	-2497.45	2404.24
16 	46.4424	-18669.2	-4517.73	-2460.74	2358.97
17 	48.8972	-16694.9	-4494.78	-2460.74	2271.87
18 	51.448 	-17305.6	-4485.58	-2460.74	2343.1 
19 	53.8677	-17255.2	-4461.83	-2460.74	2295.82
20 	56.3433	-17351.2	-4425.27	-2423.43	2231.96
21 	58.8164	-16867.8	-4409.51	-2423.43	2180.44
22 	61.2524	-16791.8	-4386.72	-2416.58	2139.64
23 	63.7422	-15869.4	-4363.74	-2400.01	2092.97
24 	66.2626	-17482.5	-4360.38	-2400.01	2190.87
25 	68.7913	-17486.5	-4348.67	-2400.01	2196.81
26 	71.2158	-17492.1	-4342.32	-2400.01	2258.45
27 	73.7066	-17581.8	-4345.06	-2400.01	2300.07
28 	76.2336	-31392.9	-4401.99	-2400.01	2613.56
29 	78.7038	-17527.4	-4395.94	-2400.01	2424.09
30 	81.2064	-17355.1	-4380.33	-2399.99	2364.24
31 	83.681 	-16201.3	-4363.92	-2399.92	2317.24
32 	86.0803	-22397.2	-4391.02	-2386.46	2422.3 
33 	88.4802	-20784.8	-4413.12	-2386.46	2466.68
34 	90.9633	-20785.1	-4421.7 	-2386.46	2513.27
35 	93.4214	-17548.9	-4387.27	-2386.46	2418.65
36 	95.8729	-17469.8	-4373.8 	-2386.46	2382.32
37 	98.3745	-17422.5	-4338.05	-2382.46	2307.41
38 	100.863	-18039  	-4321.89	-2382.46	2254.51
39 	103.352	-19847.8	-4286.06	-2377.17	2160.82
40 	105.919	-17420.8	-4269.17	-2377.17	2093.15
41 	108.455	-16011.1	-4252.43	-2377.17	2055.3 
42 	110.894	-16002.2	-4235.51	-2377.17	2008.5 
43 	113.387	-15544.1	-4247.52	-2377.17	2035.03
44 	115.969	-18470.8	-4249.6 	-2377.17	2067.37
45 	118.439	-13798.1	-4222.63	-2377.17	1987.93
46 	120.922	-13787.2	-4212.44	-2377.17	1980.78
47 	123.454	-14526.5	-4200.43	-2377.17	1968.75
48 	125.859	-14061  	-4183.89	-2376.48	1932.92
49 	128.273	-12547.2	-4168.41	-2373.86	1888.66
50 	130.802	-11975.5	-4168.17	-2373.86	1871.77
51 	133.324	-11890.5	-4189.3 	-2373.44	1874.43
52 	135.856	-12404.3	-4181.42	-2364.48	1864.83
53 	138.346	-12693.9	-4179.63	-2364.48	1883.47
54 	140.867	-13134.5	-4182.76	-2364.48	1882.07
55 	143.356	-13126.4	-4170.87	-2364.48	1859.4 
56 	145.729	-13314.8	-4169.13	-2364.48	1866.64
57 	148.174	-13725.8	-4145.71	-2364.48	1862.39
58 	150.726	-13686.9	-4153.86	-2354.95	1884.43
59 	153.291	-13292.7	-4154.42	-2347   	1891.8 
60 	155.625	-12909.2	-4145.39	-2347   	1872.32
61 	158.121	-13323  	-4128.94	-2347   	1831.62
62 	160.612	-13286.5	-4136.29	-2347   	1889.64
63 	163.075	-13338  	-4118.29	-2347   	1830.61
64 	165.634	-15318.4	-4142.88	-2327.34	1917.77
65 	168.099	-14855.2	-4127.26	-2327.34	1899.92
66 	170.501	-13544.1	-4122.98	-2327.34	1861.4 
67 	172.937	-14288.8	-4137.7 	-2327.34	1916.23
68 	175.416	-14274.3	-4128.47	-2327.34	1934.38
69 	177.829	-15911.1	-4127.36	-2323.18	1968.44
70 	180.294	-15601  	-4129.6 	-2323.18	1997.69
71 	182.764	-15033.2	-4121.55	-2323.18	1975.26
72 	185.24 	-14622.4	-4129.27	-2323.18	1957.51
73 	187.593	-15349.2	-4129.04	-2323.18	2003.62
74 	190.101	-19298.1	-4132.44	-2323.18	2041.66
75 	192.597	-14457  	-4088.91	-2320.8 	1888.97
76 	195.064	-13561.2	-4090.23	-2313.66	1853.17
77 	197.546	-13561.2	-4086.52	-2313.66	1859.89
78 	200.009	-14473.8	-4090.49	-2310.19	1870.65
79 	202.576	-13588.7	-4076.03	-2310.19	1843.07
80 	204.995	-13798.8	-4048.14	-2310.19	1785.38
81 	207.327	-13428.9	-4044.06	-2310.17	1776.22
82 	209.748	-14950.3	-4057.06	-2310.17	1826.57
83 	212.173	-14466.4	-4041.39	-2310.17	1787.83
84 	214.653	-14448.1	-4040.95	-2305.01	1790.39
85 	217.04 	-15293.3	-4046.32	-2301.8 	1823.22
86 	219.532	-15294.5	-4075.31	-2301.8 	1878.7 
87 	222.046	-14186.5	-4073.88	-2301.8 	1886.18
88 	224.541	-20054.3	-4107.02	-2301.8 	2049.41
89 	226.943	-19232.5	-4099.04	-2296.88	2030.55
90 	229.537	-20963.1	-4112.18	-2296.19	2070.85
91 	232.064	-16009.4	-4089.13	-2296.19	1948.48
92 	234.45 	-14806.5	-4071.37	-2296.19	1908.86
93 	236.948	-14832.2	-4113.15	-2292.46	1994.59
94 	239.443	-14770.2	-4102.2 	-2289.74	1962.46
95 	241.839	-14216.8	-4122.58	-2289.14	1977.51
96 	244.329	-15766  	-4119.48	-2288.01	2016.53
97 	246.843	-27017.2	-4117.39	-2288.01	2149.06
98 	249.273	-22111.2	-4100.66	-2286.98	2060.86
99 	251.67 	-14337.2	-4075.44	-2284.89	1947.67
gen	time   	min     	avg     	max     	std    
0  	8.26378	-131779 	-5621.8 	-2610.84	9070.16
1  	10.8897	-112956 	-5371.93	-2610.84	7165.68
2  	13.5161	-61257  	-5177.13	-2610.84	5765.87
3  	16.1204	-60949.2	-5183.52	-2610.84	5811.69
4  	18.6987	-53004.8	-5081.07	-2610.84	5258.54
5  	21.2192	-70088.7	-4912.5 	-2596.25	4651.81
6  	23.6973	-50752.9	-4861.64	-2592.63	4274.7 
7  	26.1674	-46155  	-4790.87	-2592.63	3790.45
8  	28.5906	-38204.9	-4732.09	-2592.63	3328.46
9  	31.0819	-38254.2	-4737.42	-2592.63	3367.3 
10 	33.5385	-38249.2	-4665.35	-2592.63	3067.65
11 	35.9948	-38813.3	-4620.18	-2592.63	2837   
12 	38.5723	-20722.2	-4559.13	-2582.93	2438.41
13 	41.1131	-19731.1	-4545.55	-2573.33	2446.34
14 	43.581 	-21827.1	-4577.08	-2520.45	2549.96
15 	46.0813	-18900.4	-4541.72	-2520.45	2467.48
16 	48.5997	-16100.5	-4540.86	-2520.45	2415.65
17 	51.0596	-18869.2	-4578.3 	-2520.45	2508.48
18 	53.5248	-20417.8	-4577.98	-2515.33	2521.12
19 	56.0247	-20438.8	-4559.19	-2495   	2432.61
20 	58.4879	-18840.4	-4531.16	-2493.26	2349.4 
21 	61.0935	-19240.6	-4545.35	-2482.16	2445.89
22 	63.6088	-17167.5	-4520.17	-2478.55	2396.04
23 	66.0951	-19678.5	-4510.17	-2473.52	2443.15
24 	68.4535	-21337.1	-4539.59	-2473.52	2575.81
25 	70.971 	-21341.8	-4506.5 	-2467.6 	2515.37
26 	73.479 	-18188.6	-4455.17	-2450.32	2355.12
27 	75.9111	-22222.3	-4465.66	-2438.94	2482.63
28 	78.3283	-19500.2	-4459.89	-2415.54	2442.53
29 	80.7054	-19626.7	-4457.38	-2415.54	2469.48
30 	83.1417	-18264.7	-4444.39	-2415.54	2421.26
31 	85.6244	-18048.2	-4423.53	-2415.54	2391.84
32 	88.1834	-18465.6	-4416.53	-2415.54	2400.46
33 	90.6984	-18002.9	-4405.52	-2397.53	2397.16
34 	93.1477	-21069.9	-4392.58	-2397.53	2348.04
35 	95.6214	-20621.3	-4363.75	-2397.53	2280.9 
36 	98.0664	-17734.6	-4325.09	-2390.89	2177.28
37 	100.562	-16164.3	-4304.53	-2390.7 	2102.23
38 	103.015	-17416.7	-4328.09	-2390.7 	2188.77
39 	105.502	-17421.5	-4321.37	-2388.18	2199.07
40 	107.923	-17448.2	-4330.34	-2388.18	2232.8 
41 	110.381	-17542.6	-4359.89	-2387.46	2268.36
42 	112.836	-16351  	-4348.49	-2360.87	2224.08
43 	115.312	-16240.1	-4348.47	-2360.87	2182.38
44 	117.854	-15530.5	-4352.63	-2360.87	2193.91
45 	120.365	-15368.4	-4336.72	-2360.87	2157.68
46 	122.87 	-14960.2	-4312.14	-2360.87	2074.71
47 	125.283	-21395.6	-4317.41	-2354.82	2156.4 
48 	127.67 	-17434.5	-4296.12	-2354.82	2101.93
49 	130.022	-15440.1	-4282.49	-2347.41	2060.08
50 	132.595	-19886.1	-4321.68	-2347.41	2230.18
51 	134.979	-19886.1	-4320.38	-2347.41	2267.7 
52 	137.483	-22326.1	-4303.38	-2341.31	2291.74
53 	139.886	-20673  	-4260.98	-2334.75	2182.1 
54 	142.321	-23827.5	-4289.26	-2333.69	2282.69
55 	144.785	-18527.2	-4258.63	-2329.8 	2135.47
56 	147.262	-17256.6	-4237.16	-2329.03	2051.14
57 	149.766	-14542.4	-4211.01	-2329.03	1984.29
58 	152.295	-15047.1	-4201.04	-2329.03	1985.12
59 	154.82 	-15067.3	-4192.56	-2329.03	1991.48
60 	157.252	-16101  	-4190.47	-2329.03	2035.22
61 	159.762	-14409.8	-4184.22	-2318.96	1977.91
62 	162.233	-14424.1	-4183.43	-2307.01	1987   
63 	164.638	-13913  	-4154.67	-2307.01	1918.15
64 	167.133	-14156.1	-4142   	-2307.01	1886.84
65 	169.543	-13260.2	-4134.51	-2307.01	1876.44
66 	171.93 	-12878.3	-4128.38	-2307.01	1854   
67 	174.326	-13988.4	-4108.48	-2307.01	1829.74
68 	176.643	-12079.3	-4087.38	-2303.55	1776.87
69 	179.073	-12286.2	-4083.93	-2303.55	1792.95
70 	181.596	-12318.4	-4070.01	-2303.55	1765.41
71 	184.144	-13019.8	-4063.68	-2303.55	1756.33
72 	186.677	-12972  	-4069.26	-2303.55	1773.97
73 	189.144	-13026.6	-4054.88	-2302.36	1772.15
74 	191.557	-12792.2	-4042.2 	-2302.36	1776.61
75 	194.038	-14871.5	-4041.98	-2302.36	1820.59
76 	196.493	-12815.7	-4018.95	-2296.59	1760.14
77 	198.916	-12984.9	-4010.07	-2296.59	1741.2 
78 	201.326	-12984.9	-4003.49	-2295.76	1745.68
79 	203.777	-12765.2	-4006.81	-2288.76	1758.87
80 	206.249	-12732.5	-3997.27	-2288.76	1755.64
81 	208.605	-12326.9	-3982.94	-2288.76	1724.31
82 	210.973	-11608.7	-3975.53	-2288.76	1698.72
83 	213.361	-12288  	-3965   	-2288.76	1698   
84 	215.804	-12578.1	-3962.22	-2285.39	1729.76
85 	218.222	-12046.5	-3963.23	-2275.14	1740.91
86 	220.716	-12152.2	-3976.05	-2275.14	1761.26
87 	223.133	-12659.3	-3978.36	-2275.14	1759.18
88 	225.513	-12631.1	-3989.9 	-2268.74	1782.08
89 	227.979	-12766  	-3986.89	-2268.74	1791.46
90 	230.436	-12147.5	-3988.86	-2268.74	1784.99
91 	232.909	-13170.7	-3980.34	-2268.74	1756.82
92 	235.31 	-13122.4	-3980.39	-2266.01	1775.28
93 	237.715	-12740.6	-3980.23	-2266.01	1767.41
94 	240.104	-12518.2	-3969.6 	-2263.18	1739.54
95 	242.519	-12467  	-3951.48	-2263.18	1699.02
96 	244.984	-13647.6	-3963.78	-2258.96	1738.99
97 	247.383	-12614.1	-3943.23	-2258.96	1684.01
98 	249.847	-12557.4	-3936.6 	-2257.26	1687.97
99 	252.332	-12459.4	-3931.95	-2257.26	1691.88
gen	time   	min     	avg     	max     	std    
0  	6.63991	-729237 	-8968.85	-2659.53	44621.6
1  	9.61344	-465880 	-7524.45	-2658.83	30848.6
2  	12.242 	-383402 	-6616.43	-2658.36	23043  
3  	14.8806	-92019  	-5203.23	-2658.13	7264.19
4  	17.5975	-112581 	-4945.44	-2650.16	6174.44
5  	20.2228	-57506.7	-4726.68	-2576.64	3940.35
6  	23.0461	-37961.3	-4636.3 	-2575.12	3294.91
7  	25.9808	-37925.8	-4696.38	-2575.12	3591.26
8  	28.7397	-33771.6	-4638.1 	-2573.57	3291.63
9  	31.2143	-30824.6	-4568.03	-2573.57	2867.81
10 	33.7968	-24020.1	-4525.26	-2570.52	2760.72
11 	36.3309	-23420.8	-4486.51	-2564.37	2649.67
12 	38.787 	-22893  	-4451.1 	-2537.66	2555.73
13 	41.2376	-22464.9	-4452.99	-2470.49	2560.08
14 	43.6873	-21619.5	-4434.63	-2466.66	2499.74
15 	46.0896	-21142.1	-4421.81	-2466.66	2416.94
16 	48.5554	-19120.8	-4402.4 	-2466.66	2362.61
17 	51.0326	-19120.8	-4377.36	-2435.15	2280.82
18 	53.5096	-19071.9	-4354.09	-2435.15	2211.61
19 	55.9382	-16889.5	-4335.76	-2429.39	2137.17
20 	58.4204	-16778.6	-4340.68	-2429.39	2134.3 
21 	60.8662	-16732.4	-4311.94	-2429.39	2039.31
22 	63.3136	-20064.8	-4324.66	-2411.14	2165.25
23 	65.7493	-16718.5	-4307.31	-2411.14	2065.46
24 	68.2167	-16718.5	-4286.12	-2411.14	2060.24
25 	70.6457	-16602.9	-4281.12	-2411.14	2025.82
26 	73.0749	-16563.4	-4282.34	-2411.14	2048.89
27 	75.5441	-16504.5	-4279.45	-2411.14	2055.13
28 	77.985 	-18104.6	-4287.57	-2411.14	2138.09
29 	80.4326	-16910.4	-4272.4 	-2408.39	2109.34
30 	82.8775	-17635.8	-4280.15	-2408.39	2207.64
31 	85.3742	-17644.6	-4234.14	-2408.39	2084.43
32 	87.8642	-18096.3	-4233.44	-2408.39	2067.01
33 	90.2701	-18216.6	-4254.35	-2408.39	2128.91
34 	92.6829	-18131.2	-4220.9 	-2408.39	2031.63
35 	95.1269	-15164.4	-4171.15	-2406.8 	1889.87
36 	97.6256	-15150.1	-4156.2 	-2406.8 	1871.76
37 	100.084	-14686.7	-4142.7 	-2405.79	1843.62
38 	102.523	-14431.6	-4147.82	-2405.79	1852.78
39 	104.968	-14638.8	-4125.17	-2405.79	1823.6 
40 	107.395	-13840.9	-4116.78	-2405.79	1793.21
41 	109.882	-13181.1	-4118.51	-2405.79	1784.35
42 	112.458	-13179.7	-4118.93	-2405.79	1807.67
43 	114.922	-12842.7	-4123.5 	-2405.79	1795.91
44 	117.336	-12521.2	-4119.85	-2405.79	1807.39
45 	119.744	-12434.6	-4109.09	-2405.79	1771.75
46 	122.119	-13526  	-4091.64	-2405.79	1739.01
47 	124.585	-14080.5	-4077.49	-2395.53	1767.2 
48 	126.96 	-14080.5	-4096.39	-2395.53	1811.82
49 	129.42 	-12727.7	-4126.38	-2387.56	1830.5 
50 	131.855	-12868.7	-4133.44	-2387.14	1837.22
51 	134.264	-12892.4	-4105.31	-2385.96	1807.65
52 	136.66 	-12884.9	-4110.57	-2385.96	1833.06
53 	139.089	-12860.7	-4111.2 	-2385.96	1816.56
54 	141.54 	-12413.3	-4100.59	-2385.96	1784.65
55 	143.887	-12549.1	-4105.63	-2385.96	1800.65
56 	146.229	-15217.7	-4123.73	-2385.96	1845.93
57 	148.721	-15217.7	-4139.37	-2385.96	1877.76
58 	151.247	-13699.2	-4123.93	-2385.96	1837.36
59 	153.712	-13152.2	-4111.16	-2385.96	1804.49
60 	156.052	-13181.3	-4109.64	-2384.31	1815.61
61 	158.466	-12942.1	-4094.49	-2384.31	1784.93
62 	160.841	-12084  	-4086.23	-2384.31	1762.8 
63 	163.314	-12222.7	-4121.63	-2380.65	1839.68
64 	165.755	-12339.1	-4107.65	-2379.83	1816.16
65 	168.203	-12496  	-4126.44	-2379.83	1838.23
66 	170.699	-16537.2	-4164.14	-2379.83	1990.57
67 	173.144	-15136.2	-4146.08	-2379.13	1932.86
68 	175.637	-15040.5	-4150   	-2376.73	1906.43
69 	178.137	-17058.5	-4167   	-2376.73	1941.69
70 	180.607	-15563.5	-4151.95	-2376.73	1891.92
71 	183.096	-15166.3	-4151.31	-2375.81	1904.11
72 	185.641	-12902.9	-4111.11	-2375.81	1798.22
73 	188.132	-14350.1	-4099.25	-2375.81	1803.69
74 	190.573	-15063.6	-4100.41	-2374.2 	1834.99
75 	192.998	-17438.1	-4131.71	-2373.21	1941.37
76 	195.447	-15443.9	-4116.53	-2373.21	1881.17
77 	197.919	-14939.9	-4122.19	-2366.61	1878.21
78 	200.393	-13648.2	-4085.68	-2366.61	1778.07
79 	202.811	-14584.2	-4077.88	-2366.61	1785.99
80 	205.258	-13365.1	-4057.79	-2366.61	1752.26
81 	207.645	-13365.1	-4067.86	-2366.61	1757.11
82 	210.047	-14396.4	-4070.2 	-2366.61	1777.33
83 	212.452	-11448  	-4062.53	-2366.61	1738.43
84 	214.779	-12392.8	-4060.05	-2366.61	1762.18
85 	217.204	-11324.5	-4054.56	-2366.61	1759.18
86 	219.565	-12222.4	-4050.64	-2362.51	1730.13
87 	222.027	-11071.5	-4041.17	-2360.52	1704.03
88 	224.504	-10975  	-4044.66	-2360.52	1715.43
89 	226.869	-12824.3	-4059.4 	-2353.7 	1785.83
90 	229.329	-12443.2	-4057.44	-2353.7 	1806.38
91 	231.734	-12508.6	-4044.23	-2353.7 	1786.87
92 	234.2  	-14699.5	-4077.9 	-2353.7 	1913.78
93 	236.598	-14536  	-4062.61	-2353.7 	1896.35
94 	239.079	-14305.4	-4054.04	-2353.7 	1863.69
95 	241.501	-13089.2	-4046.08	-2353.7 	1842.05
96 	243.918	-12551.5	-4030.67	-2351.1 	1817.62
97 	246.405	-12426.1	-4026.63	-2349.14	1809.4 
98 	248.847	-14636.1	-4024.51	-2347.23	1823.69
99 	251.381	-13521.6	-4036.14	-2347.23	1894.41
gen	time   	min     	avg     	max     	std    
0  	5.87433	-223453 	-5468   	-2617.7 	12953.3
1  	8.50091	-176393 	-5034.32	-2565.04	8527.63
2  	11.0368	-45399.8	-4695.94	-2557.5 	3809.65
3  	13.4677	-38903.3	-4655.95	-2557.5 	3496.54
4  	15.9867	-35339.6	-4534.23	-2548.7 	3104.11
5  	18.4438	-26366.2	-4465.64	-2548   	2795.11
6  	20.956 	-23495.5	-4427.85	-2548   	2655.68
7  	23.5409	-22313.2	-4415.34	-2548   	2574.35
8  	26.042 	-21826.7	-4405.47	-2540.75	2504.99
9  	28.4556	-26243.5	-4380.61	-2540.75	2572.6 
10 	31.0024	-24885.8	-4368.12	-2540.75	2496.3 
11 	33.7605	-25039.5	-4386.3 	-2537.98	2533.34
12 	36.5511	-25028.2	-4345.21	-2527.25	2434.07
13 	39.4045	-25028.2	-4299.54	-2527.25	2306.3 
14 	42.0321	-22177.2	-4279.75	-2527.25	2160.02
15 	44.6949	-17661.6	-4262.84	-2526.69	2052.43
16 	47.0759	-17645.7	-4243.39	-2525.62	1968.08
17 	49.9848	-17112.7	-4253.27	-2516.44	1996.31
18 	52.5432	-17124.5	-4221.2 	-2505.62	1888.64
19 	55.2884	-13760.3	-4193.39	-2495.88	1838.83
20 	57.817 	-13760.3	-4193.68	-2495.15	1834.88
21 	60.5929	-14400.7	-4190.6 	-2495.15	1869.61
22 	63.6359	-13700.6	-4181.22	-2495.15	1854.02
23 	66.144 	-13682.4	-4175.08	-2495.15	1848.76
24 	68.6922	-16632.4	-4202.17	-2495.15	1962.27
25 	71.6918	-17357.9	-4210.46	-2487.67	2027.44
26 	74.0966	-17611.8	-4184.85	-2468.73	1955.64
27 	76.6294	-13915.1	-4180.83	-2464.37	1903.37
28 	79.2311	-13916.2	-4160.35	-2464.37	1853.97
29 	81.6847	-15027.8	-4163.54	-2463.02	1883.74
30 	84.1132	-15086.8	-4167.09	-2453.34	1911.67
31 	86.8099	-15050.2	-4147.34	-2450.95	1908.42
32 	89.9287	-18175.7	-4141.85	-2430.04	1904.29
33 	92.4696	-18201.4	-4167.48	-2430.04	1981.49
34 	94.9525	-17752.7	-4172.93	-2430.04	2017.56
35 	97.7124	-17167.1	-4150.88	-2386.99	1980.46
36 	100.691	-15696.9	-4145.4 	-2386.99	1941.5 
37 	103.104	-15708.3	-4117.07	-2386.99	1926.18
38 	105.762	-15725.7	-4091.69	-2386.99	1894.67
39 	108.574	-15753.5	-4085.3 	-2361.44	1902.84
40 	111.309	-18587.5	-4061.63	-2361.44	1855.33
41 	114.085	-13706.6	-4031.19	-2361.44	1722.75
42 	116.584	-13398.6	-4038.19	-2361.44	1716.63
43 	119.383	-13062.9	-4058.11	-2361.44	1738.13
44 	122.693	-12767.2	-4060.94	-2361.44	1715.64
45 	125.359	-14160.8	-4044.11	-2361.44	1672.64
46 	127.86 	-14367.3	-4051.87	-2361.44	1713.62
47 	130.454	-14349.7	-4059.38	-2361.44	1730.74
48 	133.373	-12231.7	-4052.26	-2361.44	1725.7 
49 	135.884	-11538.8	-4045.99	-2361.44	1712.24
50 	138.272	-13351.4	-4055.83	-2361.44	1762.06
51 	140.738	-17065.1	-4044.03	-2350.3 	1755.05
52 	143.312	-12426.6	-4023.63	-2350.3 	1678.83
53 	145.818	-11654.9	-4028.35	-2350.3 	1686.07
54 	148.204	-11797.1	-4019.95	-2350.3 	1675.04
55 	150.632	-46500.6	-4101.98	-2350.3 	2532.9 
56 	153.332	-12530.6	-4020.59	-2348.48	1696.7 
57 	156.326	-13112.4	-4015.54	-2341.69	1710.18
58 	158.95 	-18119  	-4070.19	-2341.69	1908.53
59 	161.559	-15452.6	-4062.91	-2337.29	1845.62
60 	164.421	-15606.5	-4055.97	-2337.29	1806.47
61 	167.043	-13398.1	-4040.35	-2337.29	1750.87
62 	169.571	-13471.7	-4052.85	-2334.69	1799.19
63 	172.093	-12365.8	-4053.32	-2333.03	1815.78
64 	174.69 	-12328.3	-4046.36	-2323.18	1812.52
65 	177.395	-12546.8	-4064.72	-2314.86	1875.59
66 	180.163	-12078.4	-4057.82	-2314.86	1850.79
67 	183.111	-12263  	-4060.9 	-2314.86	1852.74
68 	185.649	-12103.9	-4049.43	-2314.86	1830.4 
69 	188.168	-12249.7	-4062.61	-2314.86	1881.24
70 	190.786	-12830.5	-4058.74	-2314.86	1872.03
71 	193.413	-13180.3	-4026.66	-2313.21	1828.8 
72 	195.994	-12866.4	-4019.59	-2313.21	1797.95
73 	198.868	-12003.9	-4006.98	-2313.21	1762.75
74 	201.779	-11446.3	-3989.06	-2312.38	1737.87
75 	204.898	-11566.5	-3977.58	-2312.38	1714.56
76 	207.453	-11516.3	-3986.41	-2307.72	1747.44
77 	210.312	-12833.3	-3967.64	-2307.47	1753.49
78 	212.992	-13618  	-3983.49	-2307.47	1789.49
79 	215.497	-13466.4	-3962.01	-2307.47	1752.95
80 	218.509	-13856.2	-3967.3 	-2307.47	1786.27
81 	222.229	-13413.2	-3963.77	-2307.47	1773.12
82 	226.331	-12882.4	-3952.63	-2307.47	1746.3 
83 	230.24 	-12582.8	-3946.42	-2307.47	1729.44
84 	233.808	-12564.5	-3937.17	-2304.1 	1715.62
85 	237.394	-12276.8	-3926.12	-2301.49	1693.93
86 	241.096	-12202.1	-3921.19	-2301.49	1675.34
87 	244.883	-12181.2	-3917.62	-2301.49	1658.57
88 	248.579	-11814.7	-3904.74	-2301.49	1641.73
89 	252.102	-11509.1	-3887.83	-2293.41	1625.59
90 	255.073	-10924.8	-3898.49	-2293.41	1641.14
91 	258.633	-10109.6	-3890.48	-2293.41	1617.79
92 	262.391	-10163.7	-3911.07	-2293.41	1638.07
93 	265.924	-10163.7	-3922.99	-2293.41	1659.76
94 	268.597	-10658.8	-3912.25	-2288.84	1650.48
95 	271.177	-10512.1	-3899.37	-2284.05	1644.06
96 	273.633	-11135  	-3898.26	-2284.05	1665.77
97 	276.222	-24052.8	-3924.74	-2284.05	1912.12
98 	278.722	-15311.2	-3892.83	-2284.05	1734.56
99 	281.495	-12828.1	-3887.87	-2283.41	1695.8 
gen	time   	min     	avg     	max     	std    
0  	5.63028	-106260 	-4987.67	-2573.91	5734.66
1  	8.3555 	-43201.5	-4789.94	-2573.91	3583.15
2  	10.8836	-33156.2	-4768.16	-2573.91	3247.62
3  	13.2979	-31756.4	-4711.08	-2573.91	3049.24
4  	15.8042	-23753.6	-4666   	-2573.91	2812.8 
5  	18.394 	-23832.6	-4694.67	-2573.91	2895.32
6  	20.869 	-23719.6	-4685.54	-2564.17	2882.51
7  	23.3686	-23422.8	-4655.66	-2536.66	2824.78
8  	25.7847	-23144  	-4616.87	-2536.66	2718.55
9  	28.2479	-23166.3	-4577.51	-2536.66	2673.08
10 	30.7668	-21370.3	-4575.4 	-2522.87	2728.55
11 	33.1942	-21143.1	-4567.08	-2512.82	2680.98
12 	35.6671	-21140.7	-4532.58	-2488.91	2541.83
13 	38.1752	-21004.6	-4501.46	-2488.91	2470.49
14 	40.6654	-19216.8	-4466.98	-2488.91	2387.31
15 	43.1878	-19236.8	-4448.83	-2488.91	2339.69
16 	45.7027	-19159  	-4461.94	-2483.84	2389   
17 	48.1343	-16876.9	-4451.42	-2482.66	2366.03
18 	50.5598	-16174.3	-4429.96	-2481.07	2334.08
19 	53.0287	-15991  	-4416.65	-2481.07	2309.01
20 	55.422 	-15991  	-4397.8 	-2475.52	2284.39
21 	57.841 	-21860.6	-4370.01	-2463.73	2264.41
22 	60.2151	-15969.4	-4337.99	-2444.79	2160.2 
23 	62.7075	-15784.8	-4310.12	-2444.79	2108.76
24 	65.1844	-15360.1	-4293.2 	-2444.79	2067.02
25 	67.6934	-15364.8	-4320.9 	-2438.72	2165.73
26 	70.2082	-14944.8	-4310.33	-2438.72	2129.4 
27 	72.7202	-15139  	-4289   	-2438.72	2080.95
28 	75.2151	-15122.5	-4288.84	-2432.37	2087.95
29 	77.6535	-15119.2	-4275.57	-2432.37	2052.43
30 	80.2001	-16071.7	-4288.74	-2422.59	2111.65
31 	82.616 	-15309.6	-4270.19	-2419.97	2055.73
32 	85.0594	-14564.6	-4265.84	-2414.8 	2057.44
33 	87.564 	-17866.7	-4257.47	-2414.8 	2082.25
34 	89.9114	-14426.7	-4237.36	-2414.8 	1986.76
35 	92.3856	-14457.9	-4224.18	-2414.8 	1977.24
36 	94.8348	-13884.1	-4211.54	-2414.8 	1950.6 
37 	97.3354	-13813.3	-4203.51	-2411.09	1917.98
38 	99.6682	-13678.8	-4191.39	-2396.07	1922.56
39 	102.235	-13664.1	-4183.55	-2393.68	1958.56
40 	104.781	-13503.4	-4192.9 	-2393.68	1982.8 
41 	107.229	-14344.8	-4175.33	-2378.99	1956.72
42 	109.648	-13233.6	-4172.45	-2378.99	1938.06
43 	112.111	-13208.5	-4186.25	-2378.99	1943.48
44 	114.597	-13830.8	-4174.31	-2378.99	1934.53
45 	117.063	-15944.6	-4191.88	-2378.99	2017.7 
46 	119.443	-20708.7	-4207.54	-2371.26	2133.33
47 	121.926	-20524.2	-4199.3 	-2364.1 	2156.8 
48 	124.328	-16686.5	-4175.56	-2357.07	2061.44
49 	126.796	-15800.5	-4155.56	-2357.07	2027.86
50 	129.233	-119039 	-4398.39	-2357.07	5528.81
51 	131.658	-16815  	-4171.01	-2357.07	2089.49
52 	134.068	-17310.9	-4145.79	-2351.44	2047.68
53 	136.58 	-16438.8	-4124.06	-2351.44	1991.92
54 	139.095	-15010.9	-4103.04	-2351.44	1926.91
55 	141.545	-13894  	-4085.44	-2349.21	1875.39
56 	144.021	-16232  	-4106.63	-2349.21	1959.27
57 	146.436	-16748.3	-4155.13	-2349.21	2119.36
58 	148.878	-16147.5	-4139.15	-2349.21	2069.03
59 	151.276	-15757.6	-4125.09	-2346.91	2018.9 
60 	153.706	-15562.8	-4127.74	-2331.97	2031.75
61 	156.131	-14989  	-4136.93	-2331.97	2011.27
62 	158.596	-13139.7	-4114.9 	-2331.97	1964.95
63 	161.005	-13151.1	-4098.52	-2327.97	1929.72
64 	163.459	-12864.5	-4093.33	-2327.97	1913.76
65 	165.954	-12757.7	-4092.67	-2327.97	1904.11
66 	168.437	-13253.1	-4086.92	-2318.67	1895.55
67 	170.894	-13128  	-4056.99	-2318.67	1836.44
68 	173.35 	-12648.5	-4040.55	-2318.67	1808.61
69 	175.806	-12877.4	-4044.49	-2318.67	1801.76
70 	178.163	-11797.6	-4030.47	-2315.66	1766.17
71 	180.6  	-18816.6	-4070.74	-2315.66	1963.98
72 	182.993	-19032.8	-4074.2 	-2313.84	1998.92
73 	185.335	-15290.9	-4040.24	-2310.36	1880.39
74 	187.758	-14925.5	-4026.15	-2304.18	1871.87
75 	190.169	-14942.3	-4018.99	-2304.18	1876.55
76 	192.491	-14942.3	-4022.47	-2304.18	1906.72
77 	194.962	-14957.4	-4008.93	-2301.84	1886.36
78 	197.397	-14076.3	-3980.3 	-2296.32	1834.4 
79 	199.86 	-13539.6	-3974.64	-2296.32	1793.63
80 	202.284	-13282.8	-3970   	-2296.32	1778.97
81 	204.693	-12595.3	-3955.03	-2293.51	1743.28
82 	207.155	-12001.9	-3942.83	-2293.51	1690.03
83 	209.514	-11398.5	-3916.9 	-2293.51	1629.66
84 	211.894	-11389.6	-3908.13	-2291.32	1612.81
85 	214.308	-11382.2	-3915.79	-2291.32	1608.9 
86 	216.743	-19419  	-3965.7 	-2290.54	1805.27
87 	219.178	-11641.6	-3942.75	-2290.54	1671.68
88 	221.518	-11805.1	-3919.54	-2285.43	1660.13
89 	223.902	-11918.4	-3904.55	-2285.43	1628.43
90 	226.221	-10938.7	-3898.28	-2285.43	1610.33
91 	228.613	-10713.4	-3899.11	-2285.43	1614.97
92 	231.122	-13967.3	-3897.42	-2285.43	1612.19
93 	233.612	-14228  	-3901.47	-2285.43	1611.03
94 	236.093	-14195.5	-3925.88	-2285.43	1672.76
95 	238.508	-16179.7	-3921.38	-2284.83	1683.12
96 	241.103	-16634.2	-3925.83	-2284.78	1710.05
97 	243.441	-10921.6	-3902.28	-2282.68	1628.01
98 	245.817	-11518.9	-3911.84	-2282.68	1644.38
99 	248.209	-17518.4	-3940.96	-2282.68	1769.61
gen	time   	min     	avg     	max     	std    
0  	5.51639	-61006.8	-5261.93	-2575.55	5088.56
1  	8.00679	-51182.7	-5113.26	-2575.55	4582.17
2  	10.474 	-42089.2	-5010.63	-2575.55	3994.82
3  	12.9961	-34162.4	-4983.41	-2553.07	3843.97
4  	15.4932	-32521.5	-4906.31	-2524.33	3481.66
5  	17.9426	-29737.2	-4850.72	-2523.5 	3293.01
6  	20.4458	-29768.1	-4859.88	-2523.5 	3387.16
7  	22.9537	-29652.5	-4819.19	-2519.15	3232.26
8  	25.3777	-26785.9	-4771.29	-2519.15	3040.17
9  	27.8951	-27390.5	-4731.62	-2517.37	3039.75
10 	30.3429	-27132.5	-4688.15	-2516.2 	2903.84
11 	32.7868	-26613.4	-4648.16	-2500.48	2831.64
12 	35.2295	-26617.7	-4623.16	-2500.48	2744.65
13 	37.6528	-26641.6	-4576.63	-2500.48	2639.22
14 	40.1254	-20918.2	-4508.71	-2476.53	2380.44
15 	42.4984	-19205.4	-4487.81	-2476.53	2281.24
16 	44.9132	-16647.7	-4468.53	-2476.53	2257.36
17 	47.4149	-15283.2	-4467.29	-2476.53	2234.42
18 	49.8529	-15231.4	-4455.77	-2476.53	2216.02
19 	52.3165	-17210  	-4471.29	-2476.53	2267.9 
20 	54.7632	-16019.4	-4453.07	-2476.53	2221.73
21 	57.2437	-15317.8	-4441.55	-2476.53	2155.39
22 	59.7583	-18779.8	-4402.63	-2476.2 	2139.27
23 	62.2035	-15370.5	-4376.9 	-2476.2 	2057.73
24 	64.7187	-17282.3	-4397.61	-2474.42	2168.02
25 	67.2255	-16937.4	-4378.78	-2474.42	2168.14
26 	69.6537	-16426.7	-4387.46	-2473.9 	2223.82
27 	72.1032	-16426.7	-4396.11	-2457.86	2224.15
28 	74.6331	-16356.2	-4371.52	-2457.86	2194.89
29 	77.0922	-15401.4	-4361.37	-2457.86	2146.45
30 	79.5288	-14290.4	-4335.64	-2457.86	2115.99
31 	81.9973	-14241.7	-4325.71	-2425.96	2086.13
32 	84.4535	-14533  	-4302.17	-2425.96	2043.42
33 	86.8563	-14975.5	-4295.04	-2425.96	2098.39
34 	89.2464	-15048.8	-4299.05	-2425.96	2152.49
35 	91.6383	-15001.5	-4274.62	-2425.96	2094.57
36 	94.0257	-17472.8	-4260.48	-2423.08	2092.82
37 	96.5242	-16281.5	-4240.85	-2423.08	2016.61
38 	98.9619	-15073.1	-4228.28	-2421.83	1987.18
39 	101.395	-14588.9	-4225.98	-2421.5 	1959.99
40 	103.875	-13262.4	-4213.38	-2421.13	1916.37
41 	106.247	-14656.5	-4208.29	-2410.29	1923.6 
42 	108.618	-14667.8	-4183.75	-2409.82	1895.45
43 	110.996	-14681  	-4206.93	-2409.82	1940.45
44 	113.448	-13441.1	-4197.6 	-2394.44	1912.17
45 	115.877	-12913.8	-4181.43	-2394.44	1890.98
46 	118.309	-12809.7	-4169.37	-2394.44	1877.89
47 	120.694	-12829.5	-4182.04	-2394.44	1883.95
48 	123.093	-12878.9	-4191.82	-2394.44	1915.89
49 	125.462	-12970.8	-4173.32	-2394.44	1881.51
50 	127.832	-13761.9	-4179.22	-2391.9 	1901.63
51 	130.202	-16165.5	-4184.8 	-2391.9 	1920.03
52 	132.55 	-24742.9	-4178.8 	-2391.9 	2022.59
53 	134.995	-11838.7	-4153.16	-2391.83	1838.16
54 	137.493	-16715.5	-4154.56	-2391.83	1881.1 
55 	139.982	-51130.8	-4244.49	-2391.83	2847.85
56 	142.477	-14769.1	-4140.87	-2391.83	1910.12
57 	144.994	-15297.4	-4125.99	-2391.16	1853.78
58 	147.484	-14849.2	-4103.05	-2388.1 	1835.17
59 	149.895	-12896.4	-4088.75	-2388.1 	1820.45
60 	152.292	-12809.4	-4078.39	-2386.68	1803.85
61 	154.709	-13396.7	-4061.82	-2371.31	1801.13
62 	157.166	-13396.7	-4039.83	-2371.31	1760   
63 	159.605	-15264.1	-4055.96	-2371.31	1786.39
64 	162.065	-15111.5	-4053.71	-2371.31	1790.34
65 	164.395	-15111.5	-4045.49	-2371.31	1776.6 
66 	166.846	-15111.5	-4056.27	-2371.31	1803.82
67 	169.218	-15089.6	-4039.47	-2361.37	1788.36
68 	171.656	-15262.1	-4045.91	-2350.1 	1808.13
69 	174.124	-15572.6	-4050.15	-2348.47	1840.5 
70 	176.596	-14297.4	-4031.36	-2348.47	1797   
71 	179.016	-14344  	-4026.84	-2348.47	1768.83
72 	181.326	-14366.8	-4036.31	-2342.79	1778.7 
73 	183.771	-13596.1	-4017.77	-2336.54	1744.97
74 	186.157	-12788  	-4012.65	-2325.67	1725   
75 	188.645	-14350.6	-4018.37	-2325.27	1742.04
76 	191.009	-12849.2	-4008.83	-2325.27	1691.18
77 	193.372	-14140.6	-3981.09	-2325.27	1645.89
78 	195.806	-15595.2	-3983.84	-2325.27	1660.73
79 	198.217	-15595.2	-3975.9 	-2325.27	1669.75
80 	200.589	-17221.4	-4004.01	-2325.27	1788.89
81 	203.005	-17256.4	-4020.23	-2325.27	1856.29
82 	205.455	-16388.4	-4014.72	-2325.27	1828.48
83 	207.819	-15987.4	-3987.1 	-2325.27	1774.2 
84 	210.227	-15973.7	-3979.06	-2325.27	1741.37
85 	212.648	-15982.9	-3990.68	-2325.27	1811.25
86 	215.128	-14219.4	-4001.21	-2323.68	1779.84
87 	217.452	-13694.2	-3995.46	-2322.98	1767.74
88 	219.908	-13868.5	-3997.23	-2322.98	1784.04
89 	222.259	-13879.9	-4006   	-2316.64	1813.19
90 	224.66 	-12501.3	-4011.28	-2315.94	1796.49
91 	227.051	-12587.9	-4001.6 	-2315.94	1794.23
92 	229.513	-12531.9	-3987.49	-2315.94	1757.89
93 	231.982	-12531.9	-3994.98	-2315.94	1783.33
94 	234.463	-12603.2	-3985.87	-2315.75	1752.18
95 	236.906	-11928.9	-3992.17	-2315.75	1738.63
96 	239.358	-12031.6	-4001.44	-2308.87	1787.93
97 	241.722	-11788.2	-3982.44	-2308.87	1762.09
98 	244.143	-12744.6	-3998.4 	-2308.87	1814.62
99 	246.616	-13228.9	-3981.33	-2306.44	1798.5 
gen	time   	min     	avg     	max     	std    
0  	5.49959	-80827.2	-5275.3 	-2532.29	6021.05
1  	8.12316	-56529.7	-5128.96	-2510.64	4995.15
2  	10.6604	-40362.5	-5034.35	-2510.64	4448.16
3  	13.1002	-40147.2	-4977.85	-2510.64	4224.37
4  	15.7036	-39215.8	-4930.04	-2510.64	3956.81
5  	18.1717	-38199.2	-4877.45	-2510.64	3754.22
6  	20.6517	-38167.6	-4793.7 	-2504.54	3513.75
7  	23.1056	-33673.2	-4741.24	-2504.54	3234.01
8  	25.6021	-22509.4	-4692.54	-2504.54	3010.3 
9  	28.107 	-22169.7	-4616.32	-2504.54	2811.51
10 	30.6245	-20446.6	-4614.26	-2493.51	2738.71
11 	33.1356	-20567.8	-4583   	-2493.51	2640.13
12 	35.5986	-20582.6	-4542.35	-2493.51	2510.23
13 	38.0871	-21642.6	-4543.22	-2489.35	2600.1 
14 	40.5608	-20370.6	-4513.12	-2489.35	2440.4 
15 	43.072 	-19330.1	-4512.76	-2489.35	2482.58
16 	45.5652	-19332  	-4500.22	-2489.35	2499.56
17 	48.0289	-19315.1	-4492.49	-2489.35	2496.04
18 	50.6199	-19317  	-4473.73	-2487.84	2443.59
19 	53.1468	-19138.6	-4447.58	-2487.84	2387.31
20 	55.5877	-20908.8	-4410.41	-2487.84	2341.53
21 	58.048 	-17633.5	-4382.45	-2472.97	2241.84
22 	60.5636	-17185.4	-4369.8 	-2472.97	2209.95
23 	63.0004	-18176.5	-4398.84	-2472.97	2362.43
24 	65.4993	-17180.1	-4367.22	-2472.97	2268.71
25 	67.9139	-16640.6	-4342.33	-2472.97	2232.53
26 	70.4079	-16602.2	-4322.93	-2459.87	2222.5 
27 	72.8745	-16601.9	-4312.7 	-2459.75	2190.46
28 	75.4145	-16572.4	-4296.96	-2459.75	2174.85
29 	77.8708	-17906.6	-4267.47	-2445.25	2108.19
30 	80.3077	-16875.8	-4249.71	-2442.33	2119.13
31 	82.8219	-19198.2	-4229.4 	-2442.33	2056.88
32 	85.2548	-16906.7	-4213.64	-2442.33	2012.69
33 	87.6708	-14593.4	-4210.77	-2441.44	1983.93
34 	90.2044	-15340.9	-4186.64	-2441.44	1922.12
35 	92.5839	-14681.9	-4171   	-2417.71	1871.08
36 	95.0944	-14679.1	-4158.46	-2417.71	1856.77
37 	97.5118	-14309.6	-4149.58	-2414.41	1820.09
38 	99.9741	-14303.4	-4158   	-2414.41	1848.1 
39 	102.43 	-14293.6	-4156.46	-2414.41	1864.59
40 	105.007	-14182.7	-4161.4 	-2411.09	1846.51
41 	107.53 	-19420.3	-4177.7 	-2411.09	1940.98
42 	109.986	-15849.5	-4167.32	-2400.18	1898.52
43 	112.538	-15980.5	-4137.93	-2400.18	1871.94
44 	114.966	-14948.2	-4129.44	-2400.18	1776.2 
45 	117.374	-12937.8	-4114.82	-2400.18	1731.47
46 	119.817	-17507.8	-4108.74	-2400.18	1751.64
47 	122.291	-16090.3	-4101.22	-2392.66	1750.52
48 	124.747	-16087.9	-4102.61	-2392.66	1790.34
49 	127.124	-15645.5	-4082.31	-2392.66	1746.02
50 	129.508	-13393.3	-4068.24	-2392.66	1741   
51 	131.966	-14251.4	-4073.33	-2392.66	1767.24
52 	134.428	-14251.4	-4089.4 	-2392.66	1794.33
53 	136.888	-13911.9	-4079.12	-2392.66	1769.12
54 	139.412	-12526.5	-4063.23	-2379.06	1706.96
55 	141.878	-12187.2	-4044.92	-2379.06	1664.74
56 	144.318	-11571.4	-4037.65	-2379.06	1652.1 
57 	146.824	-12642.5	-4035.55	-2379.06	1650.18
58 	149.275	-11643.9	-4022.51	-2379.06	1630.65
59 	151.731	-11222.7	-4018.2 	-2373.68	1615.91
60 	154.219	-12021.5	-4034.77	-2373.68	1661.11
61 	156.698	-12031.3	-4026.15	-2368.14	1663.28
62 	159.197	-12031.3	-4017.35	-2368.14	1659   
63 	161.628	-11414.2	-4006.4 	-2368.14	1662.9 
64 	164.04 	-13004.3	-4005.66	-2368.14	1696.67
65 	166.561	-12056.9	-4008.15	-2367.64	1696.85
66 	168.919	-11385.5	-3980.82	-2367.64	1643.82
67 	171.455	-15996.7	-3972.52	-2367.64	1656.52
68 	173.878	-11799  	-3969.39	-2366.95	1596.88
69 	176.297	-11861.3	-3955.81	-2366.95	1570.68
70 	178.648	-11861.3	-3951.5 	-2366.95	1538.07
71 	181.018	-12038.7	-3939.83	-2363.95	1535.06
72 	183.484	-11024.5	-3941.13	-2361.6 	1513.31
73 	185.94 	-11473.5	-3937.63	-2353.83	1518.76
74 	188.407	-10434.8	-3927.43	-2353.83	1508.13
75 	190.828	-10413.6	-3912.99	-2350.9 	1487.7 
76 	193.248	-10252.3	-3905.94	-2350.61	1485.57
77 	195.688	-9754.8 	-3898.55	-2350.61	1487.18
78 	198.146	-9768.64	-3896.64	-2349.51	1480.5 
79 	200.649	-10098.2	-3890.69	-2338.1 	1486.87
80 	203.148	-11730.9	-3888.33	-2336.4 	1502.81
81 	205.609	-10079  	-3878.04	-2336.4 	1481.38
82 	208.098	-10188.9	-3882.9 	-2336.4 	1507.28
83 	210.572	-10004.2	-3870.4 	-2334.72	1506.85
84 	212.867	-10368.3	-3857.8 	-2334.72	1498.99
85 	215.324	-11878  	-3849.18	-2333.02	1493.64
86 	217.797	-11564.1	-3835.99	-2333.02	1482.57
87 	220.22 	-11438.6	-3833.03	-2333.02	1472.98
88 	222.631	-11420.3	-3838.79	-2330.2 	1491.86
89 	225.11 	-10870.8	-3836.52	-2319.67	1477.85
90 	227.621	-10413.4	-3843.5 	-2319.35	1472.64
91 	230.139	-14396  	-3860.09	-2319.35	1564.27
92 	232.627	-11762  	-3860.88	-2318.15	1565.38
93 	235.263	-11573.5	-3858.83	-2318.15	1538.46
94 	237.724	-10887.7	-3850.31	-2316.5 	1503.5 
95 	240.129	-10891.6	-3844.75	-2315.11	1494.46
96 	242.597	-11310.4	-3850.86	-2313.62	1497.76
97 	245.076	-11318.4	-3846.1 	-2312.1 	1491.25
98 	247.54 	-10899.7	-3855.22	-2312.1 	1497.4 
99 	249.974	-10904.4	-3844.8 	-2312.1 	1502.22
gen	time   	min     	avg     	max     	std    
0  	6.29945	-115940 	-5688.54	-2613.64	8783.29
1  	9.1488 	-115921 	-5430.15	-2604.95	7799.88
2  	12.0252	-95520.7	-5296.39	-2597.77	6148.55
3  	14.8804	-52714.3	-5110.43	-2590.15	4767.83
4  	17.5825	-46987.2	-5035.84	-2590.15	4294.22
5  	20.4423	-48702.3	-5044.31	-2588.75	4559.83
6  	23.232 	-46890.3	-4977.42	-2587.71	4233.88
7  	26.0723	-43000.2	-4928.62	-2577.67	4292.74
8  	28.9401	-39433.4	-4860.04	-2577.67	3959.8 
9  	31.6682	-38524.5	-4795.53	-2556.84	3646.51
10 	34.3789	-34317.8	-4735.53	-2556.84	3342.44
11 	37.0552	-27812.5	-4691.44	-2556.84	3107.93
12 	39.8117	-26789.1	-4658.21	-2556.84	3024.85
13 	42.4536	-25641.5	-4616.43	-2539.22	2953.99
14 	45.1837	-24525.8	-4580.8 	-2488.77	2866.08
15 	47.8791	-23341.4	-4544.87	-2467.82	2772.86
16 	50.4798	-22701.8	-4504.31	-2467.82	2690.14
17 	53.1494	-22704.8	-4462.06	-2462.95	2562.99
18 	55.8916	-22071.5	-4460.52	-2457.35	2492.06
19 	58.6563	-20956.4	-4434.64	-2457.35	2402.91
20 	61.3923	-20449.9	-4439.01	-2453.63	2450.49
21 	64.0816	-19999.8	-4421.45	-2389.1 	2383.75
22 	66.7423	-19941.2	-4399.4 	-2389.1 	2381.41
23 	69.3708	-19972  	-4408.58	-2389.1 	2404.14
24 	72.0148	-19951.4	-4376.44	-2389.1 	2330.66
25 	74.6795	-18271.5	-4367.35	-2389.1 	2289.72
26 	77.3837	-17765.7	-4346.6 	-2389.1 	2262.32
27 	80.1622	-16900  	-4324.07	-2363.35	2209.2 
28 	82.8056	-15892.8	-4316.48	-2363.35	2157.24
29 	85.4861	-18321.6	-4324.32	-2363.35	2180.99
30 	88.335 	-16913.9	-4296.89	-2363.35	2132.37
31 	91.079 	-17067.4	-4305.04	-2363.35	2159.76
32 	93.7212	-17239.6	-4318.98	-2363.35	2217.84
33 	96.4743	-16636.1	-4298.12	-2363.35	2141.92
34 	99.1891	-16206  	-4297.71	-2354.28	2114.65
35 	101.969	-18235.4	-4284.08	-2354.28	2107.59
36 	104.816	-15030.3	-4283.91	-2353.79	2074.07
37 	107.576	-14031  	-4263.67	-2353.79	2000.6 
38 	110.31 	-13324.4	-4247.4 	-2353.79	2003.11
39 	113.052	-13351  	-4218.14	-2353.79	1967.43
40 	115.865	-13216.3	-4214.23	-2353.79	1942.6 
41 	118.527	-13141.8	-4201.23	-2353.79	1945.84
42 	121.255	-13016.6	-4202.26	-2353.79	1948.93
43 	123.939	-21727.8	-4230.45	-2353.79	2108.76
44 	126.925	-19413.8	-4180.3 	-2353.79	1992.62
45 	129.863	-18180.8	-4167.63	-2353.58	1956.22
46 	132.529	-13642.9	-4158.64	-2353.58	1912.42
47 	135.507	-13524  	-4163.16	-2351   	1917.23
48 	138.445	-12783.7	-4141.66	-2351   	1897.56
49 	141.57 	-13295.1	-4139.69	-2349.77	1897.47
50 	144.264	-13119.9	-4127.61	-2349.07	1893.68
51 	147.011	-21773.2	-4131.71	-2347.18	1996.83
52 	149.693	-14736.4	-4117   	-2347.18	1877.84
53 	152.364	-14983.6	-4147.42	-2347.18	1977.75
54 	155.061	-14784.6	-4130.57	-2345   	1941.59
55 	157.906	-13766  	-4127.14	-2345   	1932.59
56 	160.65 	-13766  	-4110.65	-2345   	1930.54
57 	163.701	-13397.6	-4091.69	-2343   	1881.77
58 	166.531	-12930.6	-4092.33	-2343   	1869.99
59 	169.563	-13038.6	-4090.24	-2332.02	1871.62
60 	172.343	-15467.3	-4108.89	-2332.02	1937.64
61 	175.049	-13052.4	-4093.35	-2332.02	1895.11
62 	177.491	-13445.9	-4083.23	-2332.02	1870.9 
63 	180.073	-12954.6	-4069.8 	-2332.02	1844.62
64 	182.745	-13114.4	-4048.44	-2323.06	1810.01
65 	185.557	-12844.4	-4035.87	-2323.06	1786.18
66 	188.568	-13482.9	-4022.55	-2323.06	1753.64
67 	191.575	-13370.8	-4049.73	-2323.06	1794.39
68 	194.413	-14079.9	-4051.62	-2323.06	1800.04
69 	197.138	-14140.9	-4017.62	-2322.36	1727.14
70 	200.31 	-14132.9	-4038.99	-2315.04	1775.93
71 	203.145	-18406.5	-4038.67	-2315.04	1821.36
72 	205.762	-12154.2	-4021.38	-2315.04	1717.35
73 	208.44 	-12233.5	-4000.36	-2315.04	1686.55
74 	211.067	-13286.2	-4002.9 	-2315.04	1709.31
75 	213.745	-20670.1	-4053.22	-2313.47	1900.58
76 	216.473	-20670  	-4091.57	-2305.43	2001.61
77 	219.113	-14983.7	-4061.6 	-2305.43	1887.59
78 	221.921	-13437.4	-4053.51	-2305.43	1840.05
79 	224.674	-12644.3	-4036.46	-2304.67	1796.22
80 	227.355	-11742.1	-4033.09	-2304.67	1774.58
81 	230.236	-11698.1	-4052.33	-2304.67	1803.05
82 	233.093	-11897.8	-4046.91	-2304.67	1813.14
83 	235.782	-11901.3	-4029.11	-2302.79	1802.45
84 	238.535	-12755.1	-4030.76	-2302.79	1816.75
85 	241.179	-12755.1	-4020.89	-2302.79	1784.56
86 	243.842	-13383.3	-4037.15	-2302.79	1845   
87 	246.514	-12913.6	-4026   	-2302.79	1818.71
88 	249.22 	-12109.2	-4016.46	-2302.79	1800.89
89 	251.906	-12512.7	-4000.11	-2302.79	1788.03
90 	254.809	-12017.1	-3994.38	-2300.87	1779.84
91 	257.659	-11965.3	-3983.83	-2300.87	1759.84
92 	260.765	-13596.6	-3976.32	-2296.97	1732.89
93 	263.486	-17884.7	-3999.32	-2296.97	1845.51
94 	266.159	-15522.7	-3977.7 	-2296.97	1741.06
95 	268.789	-11689  	-3963.91	-2295.12	1689.38
96 	271.46 	-11269.1	-3949.9 	-2294.61	1646.74
97 	274.469	-11394.2	-3937.64	-2292.38	1617.81
98 	277.126	-11421  	-3937.17	-2288.71	1642.52
99 	279.855	-11119.5	-3927.46	-2288.71	1638.06
gen	time   	min     	avg     	max     	std    
0  	6.70801	-591914 	-6602.27	-2541.81	27021.5
1  	9.79144	-61352.1	-5446.58	-2541.81	6766.82
2  	12.5839	-57741.4	-5333.15	-2541.81	6299.42
3  	15.3637	-48904.2	-5231.02	-2540.87	5866.87
4  	18.1757	-48555.9	-5155.43	-2537.52	5552.38
5  	21.8639	-68721.6	-5212.16	-2530.82	5848.02
6  	24.6664	-48510.8	-5025.7 	-2530.82	5084.38
7  	27.3513	-46945.9	-4938.91	-2530.82	4750.03
8  	30.2009	-66837  	-4908.3 	-2530.12	4915.52
9  	33.1042	-66855.6	-4966.02	-2530.12	5458.06
10 	36.0879	-39856.8	-4838.97	-2530.12	4287.47
11 	38.989 	-37793.8	-4807.66	-2526.42	4150.29
12 	41.6258	-35477.4	-4748.26	-2500.42	3903.57
13 	44.4277	-35392.3	-4672.07	-2500.42	3608.57
14 	47.6603	-35883.7	-4676.28	-2500.42	3659.81
15 	50.3229	-35875.2	-4714.97	-2500.42	3735.51
16 	53.3508	-33268.2	-4604.24	-2500.03	3350.57
17 	56.22  	-33117.8	-4568.46	-2500.03	3234.6 
18 	59.4264	-30375.1	-4532.33	-2500.03	2988.73
19 	62.3983	-27042.7	-4544.92	-2500.03	2944.75
20 	65.3134	-27088.6	-4491.47	-2500.03	2790.83
21 	68.5416	-27315.2	-4463.58	-2500.03	2636.25
22 	71.4726	-24404.4	-4422.43	-2500.03	2458.2 
23 	74.7817	-35595.8	-4502.48	-2500.03	2939.9 
24 	77.6532	-24394.1	-4449.72	-2500.03	2605.56
25 	80.8463	-21213.3	-4415.51	-2500.03	2622.98
26 	83.5633	-21330.8	-4409.34	-2483.83	2589.05
27 	86.3669	-21330.8	-4364.74	-2479.71	2466.92
28 	88.9287	-18326  	-4338.02	-2479.69	2347.91
29 	91.5603	-19799.5	-4334   	-2476.41	2388.6 
30 	94.2649	-19189.3	-4301.29	-2476.41	2296.68
31 	97.0064	-18972.9	-4294.85	-2470.61	2258.35
32 	99.7279	-18811.7	-4270.67	-2466.61	2204.03
33 	102.32 	-15419.1	-4241.65	-2466.61	2089.54
34 	105.445	-15990.3	-4224.68	-2466.61	2053.44
35 	108.114	-14917.7	-4209.88	-2458.57	1999.63
36 	110.763	-14630.2	-4216.56	-2458.57	2017.15
37 	113.48 	-14590.3	-4219.53	-2455.8 	2068.41
38 	116.112	-14677.7	-4236.14	-2451.71	2086.69
39 	118.842	-18800.4	-4207.92	-2451.71	2063.73
40 	121.385	-18606.5	-4203.36	-2451.71	2047.75
41 	124.046	-16114  	-4201.84	-2446.91	2045.72
42 	126.811	-16260.3	-4182.04	-2446.44	2024.63
43 	129.489	-15506  	-4154.75	-2446.44	1945.48
44 	132.141	-15257.8	-4132.87	-2429.99	1895.82
45 	134.855	-13741.6	-4127.24	-2429.99	1848.53
46 	137.411	-15731  	-4110.5 	-2429.99	1827.46
47 	140.038	-14630.6	-4104.46	-2420.96	1809.44
48 	142.623	-15809.5	-4125.96	-2420.96	1895.77
49 	145.233	-15809.5	-4117.86	-2420.96	1879.33
50 	147.843	-15470.7	-4100.99	-2420.96	1802.97
51 	150.603	-13403.5	-4080.22	-2411.06	1758.07
52 	153.205	-13060  	-4078.75	-2411.06	1774.06
53 	155.941	-16882.1	-4089.71	-2407.84	1835.26
54 	158.862	-17444  	-4064.75	-2407.84	1778.16
55 	161.767	-14496  	-4050.28	-2407.84	1744.23
56 	164.518	-12654.3	-4041.15	-2407.84	1707.39
57 	167.244	-11536.9	-4034.25	-2407.84	1680.99
58 	170.425	-12314.7	-4031.93	-2405.36	1680.28
59 	173.296	-12863.3	-4038.84	-2404.67	1687.57
60 	175.941	-11858.5	-4021.42	-2404.67	1649.03
61 	178.624	-10359.5	-4010.43	-2399.7 	1634.92
62 	181.345	-14413.3	-4028.92	-2369.18	1702.77
63 	184.113	-13410.8	-4015.49	-2367.78	1670.64
64 	187.078	-11643.2	-4016.73	-2367.78	1656.71
65 	189.684	-11576.6	-4013.46	-2367.07	1654.9 
66 	192.236	-12331  	-4029.13	-2367.07	1711.68
67 	194.981	-12650.9	-4013.02	-2367.07	1684.42
68 	197.798	-12112.9	-4002.26	-2367.07	1668.17
69 	200.554	-12107.2	-4009.91	-2367.07	1671.01
70 	203.545	-12942  	-4006.93	-2367.07	1739.08
71 	206.296	-13049.2	-4004.94	-2353.78	1708.58
72 	209.031	-12750.6	-3986.04	-2353.78	1676.65
73 	211.588	-11941.1	-3963.06	-2353.78	1618.34
74 	214.229	-28798.4	-4037.82	-2352.59	2048.15
75 	217.117	-19522.5	-4009.89	-2352.59	1886.83
76 	220.029	-17246.7	-3969.87	-2352.59	1733.24
77 	223.262	-14930.2	-3953.6 	-2352.59	1653.44
78 	226.063	-16071.9	-3994.46	-2352.59	1762.49
79 	228.682	-14642.8	-3980.92	-2348.27	1708.48
80 	231.389	-13644.3	-3976.03	-2348.27	1713.1 
81 	234.137	-13644.3	-3959.55	-2345.21	1669.09
82 	237.154	-18497.2	-3961.75	-2342.81	1731.09
83 	240.288	-12468.7	-3949.87	-2342.81	1658.45
84 	243.061	-11399.2	-3935.27	-2342.81	1625.89
85 	245.639	-10629.6	-3920   	-2342.81	1605.69
86 	248.316	-10599.6	-3915.21	-2342.81	1600.3 
87 	251.489	-11925  	-3915.74	-2342.81	1610.08
88 	254.2  	-11877.2	-3923.38	-2342.81	1629.87
89 	256.922	-11669.2	-3927.43	-2342.13	1643.02
90 	259.606	-12248.1	-3915.01	-2335.41	1621.26
91 	262.262	-12113  	-3899.79	-2335.41	1631.14
92 	265.29 	-12178.6	-3908.52	-2334.71	1640.44
93 	268.205	-11876.7	-3910.77	-2334.07	1638.48
94 	271.039	-11793.6	-3917.85	-2333.72	1666.13
95 	274.018	-13986.5	-3899.44	-2333.72	1635.34
96 	276.766	-11797  	-3923.21	-2321.97	1650.71
97 	279.349	-11852.1	-3911.45	-2321.97	1628.33
98 	282.028	-11522.1	-3905.67	-2321.97	1619.47
99 	284.637	-11580.5	-3920.74	-2314.79	1657.77
gen	time   	min     	avg     	max     	std    
0  	6.10747	-61799.6	-4858.06	-2645.72	4526.66
1  	8.8875 	-47697.4	-4744.62	-2640.02	3837.85
2  	11.6291	-47153.1	-4653.92	-2632.67	3433.07
3  	14.3139	-26059.6	-4587.65	-2616.26	2908.07
4  	16.9701	-25293  	-4598.64	-2614.1 	2848.25
5  	19.6875	-21717.4	-4517.77	-2614.1 	2573.29
6  	22.2464	-21684  	-4527.17	-2600.6 	2595.71
7  	24.9557	-19048.9	-4498.34	-2590.44	2493.83
8  	27.6816	-19048.9	-4508.13	-2584.47	2471.95
9  	30.4015	-18872.4	-4491.41	-2584.47	2411.38
10 	33.0786	-18853.6	-4499.58	-2577.46	2490.41
11 	35.7637	-18625  	-4489.5 	-2577.46	2514.71
12 	38.4857	-22783.1	-4504.53	-2508.38	2564.1 
13 	41.1766	-22791.2	-4487.61	-2508.38	2588.34
14 	43.8813	-18957.7	-4456.64	-2508.38	2430.8 
15 	46.6031	-19000.7	-4413.28	-2508.38	2310.78
16 	49.2044	-18907  	-4433.77	-2505.2 	2401.89
17 	51.9193	-23102.8	-4439.86	-2505.2 	2441.07
18 	54.69  	-17581.2	-4404.51	-2495.74	2300.27
19 	57.6961	-17560.8	-4402.79	-2495.74	2272.81
20 	60.4957	-17531  	-4398.23	-2495.74	2260.02
21 	63.2937	-15365.5	-4366.21	-2494.82	2175.42
22 	66.3055	-14800.4	-4362.76	-2494.82	2164.01
23 	69.4302	-15057.9	-4364.13	-2494.82	2175   
24 	73.0413	-16538  	-4356.32	-2476.7 	2192.65
25 	76.0316	-16506.2	-4326.83	-2475.09	2152.31
26 	79.1503	-14799.1	-4323.5 	-2444.82	2109.65
27 	82.1992	-13887.3	-4339.45	-2444.82	2139.36
28 	85.6781	-14534  	-4320.8 	-2444.82	2105.9 
29 	88.9924	-17480.2	-4303.83	-2444.82	2138.38
30 	91.8242	-21878.3	-4314.42	-2442.24	2250.5 
31 	94.7181	-17619.6	-4282.41	-2442.24	2127.6 
32 	97.5082	-17038  	-4261.66	-2442.24	2098.6 
33 	100.214	-18731.3	-4255.13	-2432.76	2116.24
34 	103.086	-21540.5	-4252.02	-2432.76	2138.63
35 	106.063	-15512.2	-4236.14	-2432.76	2077.8 
36 	108.918	-15349.2	-4217.22	-2432.76	2040.38
37 	111.826	-14692.1	-4208.28	-2432.76	2006.55
38 	114.412	-14260.5	-4197.95	-2425.1 	1988.08
39 	117.075	-14377.9	-4193.09	-2402.74	2025.42
40 	119.92 	-16486  	-4215.99	-2383.3 	2114.26
41 	122.606	-15440.1	-4196.2 	-2382.6 	2069.37
42 	125.234	-15440.1	-4181.8 	-2382.6 	2039.91
43 	127.851	-15903.8	-4152.16	-2382.6 	1951.02
44 	130.489	-15896.4	-4126.9 	-2382.6 	1906.96
45 	133.124	-13778.2	-4120.5 	-2382.6 	1874.93
46 	135.873	-14326.7	-4114.47	-2382.6 	1862.59
47 	138.536	-14583.6	-4138.69	-2382.6 	1963.89
48 	141.234	-16918.5	-4138.31	-2382.6 	2056.17
49 	144.048	-17550.7	-4161.63	-2382.6 	2108.42
50 	146.639	-16904.5	-4148.37	-2382.6 	2056.54
51 	149.214	-15531.4	-4132.17	-2382.6 	2016.23
52 	151.867	-16152.8	-4108.35	-2381.74	1957.62
53 	154.495	-16191.8	-4108.74	-2381.74	1976.84
54 	157.168	-16172.3	-4108.5 	-2381.74	1943.68
55 	159.878	-15697.4	-4094.15	-2379.32	1876.34
56 	162.619	-14398.5	-4095.28	-2378.15	1886   
57 	165.461	-19840  	-4113.68	-2378.15	1979.15
58 	168.057	-13515.6	-4076.59	-2378.15	1842.05
59 	170.759	-13842.4	-4045.59	-2372.64	1784.64
60 	173.519	-12961.6	-4046.28	-2356.81	1771.62
61 	176.19 	-11798.9	-4041.6 	-2346.45	1764.44
62 	178.887	-11797.9	-4043.01	-2346.45	1778.28
63 	181.526	-13695.1	-4048.07	-2346.45	1870.62
64 	184.154	-13134.1	-4020.39	-2346.45	1813.66
65 	186.818	-14632.7	-4016.42	-2335.26	1832.31
66 	189.473	-13301.3	-4004.59	-2335.26	1779.04
67 	192.016	-11986.6	-4008.44	-2335.26	1758.63
68 	194.699	-11857.3	-3997.32	-2335.26	1740.11
69 	197.364	-42729.6	-4073.27	-2335.26	2455.81
70 	199.962	-11892.8	-4015.72	-2335.26	1753.99
71 	202.663	-16751  	-4074.55	-2335.26	1926.53
72 	205.283	-15422.5	-4062.55	-2335.23	1898.25
73 	207.88 	-13134.1	-4045.29	-2335.23	1863.04
74 	210.603	-12904.5	-4033.26	-2328.82	1844.51
75 	213.275	-12806  	-4023.56	-2321.38	1802.2 
76 	216.028	-12884.6	-4042.75	-2321.38	1851.97
77 	218.734	-12477.1	-4036.48	-2315.18	1849.5 
78 	221.387	-14124  	-4033.5 	-2315.18	1879.69
79 	224.091	-13147.8	-4021.55	-2315.18	1854.22
80 	226.661	-12330.3	-3995.9 	-2315.18	1785.21
81 	229.338	-12093.7	-3994.61	-2308.44	1774.38
82 	231.961	-12170.7	-3998.89	-2308.44	1800.84
83 	234.567	-12026.4	-3985.79	-2308.44	1796.15
84 	237.287	-12088.9	-3962.18	-2304.89	1751.34
85 	240.048	-13702.7	-3977.95	-2304.89	1804.35
86 	242.719	-15564.4	-3967.27	-2304.89	1780.08
87 	245.384	-16402  	-3963.16	-2304.89	1771.26
88 	248.084	-12967.4	-3942.67	-2302.17	1691.46
89 	250.791	-17577.1	-3962.66	-2302.17	1802.72
90 	253.458	-14564.9	-3960.47	-2302.17	1751.62
91 	256.135	-14600.9	-3970.79	-2302.17	1782.02
92 	258.776	-13845.4	-3956.39	-2301.49	1756.77
93 	261.4  	-13213.5	-3961.46	-2301.09	1767.61
94 	264.021	-14571.5	-3971.29	-2301.09	1788.72
95 	266.697	-14162.7	-3966.23	-2301.09	1788.22
96 	269.331	-12129.6	-3949.94	-2301.09	1768.27
97 	272.034	-13346.1	-3941.24	-2301.09	1757.14
98 	274.624	-12142.3	-3953.85	-2301.09	1751.86
99 	277.225	-12063.3	-3950.47	-2299.58	1745.63
gen	time   	min     	avg     	max     	std    
0  	7.29474	-35048.7	-4712.99	-2671.75	3185.99
1  	10.222 	-24572.7	-4662.9 	-2654.94	2956.71
2  	12.9045	-23935.5	-4636.57	-2654.94	2883.57
3  	15.6415	-22789.2	-4594.13	-2654.94	2762.72
4  	18.1834	-21477.5	-4550.98	-2621.32	2619.33
5  	20.7353	-21462.6	-4505.39	-2621.32	2555.29
6  	23.1764	-21162.5	-4514.07	-2603.42	2595.66
7  	25.6365	-20584.9	-4516.06	-2590.52	2512.49
8  	28.2309	-20215.4	-4500.02	-2570.56	2498.89
9  	30.6054	-20365.6	-4452.88	-2542.64	2393.93
10 	33.1001	-17122.8	-4445.59	-2510.4 	2333.25
11 	35.6204	-17122.8	-4427.54	-2510.4 	2352.67
12 	38.2571	-21109.6	-4382.4 	-2510.4 	2344.56
13 	40.6482	-24647.7	-4338.63	-2510.4 	2266.09
14 	43.4291	-19656.8	-4312.2 	-2509.43	2178.02
15 	45.9512	-16742.5	-4279.83	-2499.11	2108.85
16 	48.3905	-16759.7	-4261.08	-2498.94	2074.96
17 	50.8776	-16634.7	-4233.93	-2498.29	2031.19
18 	53.3135	-16489.9	-4219.8 	-2498.29	2013.48
19 	55.8855	-17260.3	-4217.33	-2496.24	2012.77
20 	58.4224	-15433.5	-4199.77	-2496.24	1969.37
21 	60.9162	-15100.8	-4177.17	-2489.23	1936.49
22 	63.404 	-15094.8	-4171.04	-2470.78	1941.66
23 	65.9287	-15616.8	-4168.02	-2458.45	1935.75
24 	68.4783	-15095.5	-4167.1 	-2458.45	1939.44
25 	71.0117	-15163.6	-4135.54	-2458.45	1874.55
26 	73.5012	-15173.7	-4123.93	-2449.63	1834.34
27 	75.9143	-15253.5	-4107.47	-2436.83	1766.8 
28 	78.3665	-16115  	-4123.21	-2436.83	1831.32
29 	80.8664	-17522.4	-4142.95	-2436.74	1874.59
30 	83.3736	-17525  	-4149.84	-2426.58	1892.37
31 	85.8841	-14968.9	-4132.11	-2426.58	1826.35
32 	88.3692	-13636.5	-4112.26	-2426.58	1791.87
33 	90.8413	-13525.8	-4103.94	-2426.58	1785.84
34 	93.379 	-13363.7	-4093   	-2421.01	1771.92
35 	95.9613	-13386.3	-4089.91	-2409.29	1779.95
36 	98.4708	-13395.5	-4082.48	-2409.29	1757.13
37 	100.954	-12967.4	-4064.5 	-2408.12	1716.62
38 	103.453	-20615.3	-4065.96	-2408.12	1805.3 
39 	105.991	-16858.7	-4067.34	-2401.32	1780.2 
40 	108.521	-14662.6	-4064.17	-2401.32	1728.73
41 	111.037	-13853.8	-4059.07	-2401.32	1716.57
42 	113.575	-12467  	-4085.93	-2400.45	1714.27
43 	116.061	-12468.6	-4077.25	-2400.45	1706.58
44 	118.492	-13245.7	-4070.82	-2400.45	1729.93
45 	120.977	-12753.6	-4070.19	-2395.19	1727.22
46 	123.463	-12753.6	-4078.5 	-2395.19	1729.67
47 	125.846	-16186.9	-4060.41	-2390.67	1707.31
48 	128.323	-13478.7	-4043.91	-2382.27	1671.44
49 	130.785	-11142.2	-4033   	-2374.56	1644.28
50 	133.347	-13864  	-4068.86	-2374.56	1726.35
51 	135.809	-13736.5	-4058.52	-2371.28	1723.62
52 	138.251	-11343.3	-4050.78	-2371.28	1690.81
53 	140.751	-10622.1	-4052.65	-2359.94	1674.18
54 	143.225	-10622.1	-4035.23	-2359.94	1673.18
55 	145.712	-11334  	-4027.73	-2359.94	1674.63
56 	148.294	-33863.5	-4081.53	-2359.94	2136   
57 	150.81 	-11361.4	-4023.09	-2359.94	1675.42
58 	153.285	-11409.6	-3998.49	-2359.94	1643.47
59 	155.741	-11005.9	-3999.65	-2351.52	1666.58
60 	158.292	-12751.5	-3991.19	-2351.52	1683.84
61 	160.751	-11628.3	-3977.05	-2343.02	1635.35
62 	163.282	-11697.5	-3971.29	-2343.02	1618.25
63 	165.83 	-11678.9	-3970.72	-2341.16	1636.44
64 	168.35 	-11742.4	-3962.43	-2317.39	1621.4 
65 	170.753	-11410.4	-3962.55	-2317.39	1655.6 
66 	173.259	-11413.2	-3965.44	-2317.39	1635.7 
67 	175.757	-12759.3	-3982.37	-2317.39	1700.74
68 	178.164	-11841.2	-3977.65	-2313.51	1672.96
69 	180.622	-11283.2	-3973.73	-2313.51	1635.5 
70 	183.037	-11766.9	-3959.88	-2313.51	1618.98
71 	185.556	-11512.1	-3948.53	-2298.59	1612.13
72 	187.947	-11130.9	-3941.19	-2298.59	1595.33
73 	190.352	-12043.3	-3931.48	-2298.59	1605.12
74 	192.848	-12309.3	-3941.76	-2298.59	1628.04
75 	195.382	-13376.3	-3945.05	-2298.59	1655.52
76 	197.936	-12457.8	-3943.2 	-2298.59	1635.34
77 	200.522	-13782.7	-3917.79	-2298.28	1588.9 
78 	203.082	-13365.3	-3901.36	-2295.89	1557.57
79 	205.46 	-12108.3	-3888.6 	-2295.89	1520.63
80 	207.977	-14324.2	-3908.48	-2288.44	1576.14
81 	210.447	-10755.8	-3893.1 	-2288.44	1530.21
82 	212.935	-10601.5	-3880.97	-2288.44	1512.87
83 	215.465	-10588.8	-3887.11	-2288.44	1523.06
84 	218.005	-10579.3	-3899.97	-2288.44	1539.95
85 	220.53 	-10417.7	-3897.58	-2288.44	1537.87
86 	223.042	-11574.6	-3881   	-2288.44	1543.71
87 	225.424	-11091.4	-3874.6 	-2288.33	1534.88
88 	227.75 	-11104  	-3857.77	-2288.33	1495.74
89 	230.22 	-10229  	-3857.6 	-2288.33	1492.33
90 	232.708	-10569.3	-3860.64	-2287.74	1515.58
91 	235.214	-10287.4	-3864.17	-2287.74	1530.47
92 	237.643	-10103.6	-3864.54	-2287.74	1529.4 
93 	240.138	-10103.6	-3851.32	-2287.74	1512.98
94 	242.52 	-13026  	-3873.19	-2283   	1605.64
95 	245.004	-13026  	-3873.88	-2281.22	1644.73
96 	247.488	-12226.2	-3871.52	-2281.22	1613.33
97 	250.042	-15675.5	-3882.02	-2271.25	1653.75
98 	252.575	-13559.9	-3870.65	-2271.25	1606.29
99 	255.115	-12648.9	-3874.21	-2271.25	1592.18
gen	time   	min     	avg     	max     	std    
0  	5.92258	-383738 	-6175.91	-2669.45	19646.8
1  	8.66796	-198315 	-5453.85	-2669.15	10085.5
2  	11.2094	-72165.5	-5070.74	-2669.15	5481.32
3  	13.7101	-61735.1	-4916.17	-2643.15	4583.6 
4  	16.3169	-59524.8	-4806.22	-2620.41	4154.92
5  	18.7561	-20976.9	-4624.69	-2620.41	2618.46
6  	21.2126	-22805.7	-4591.94	-2579.32	2624.12
7  	23.7802	-22796.9	-4564.51	-2570.19	2609.21
8  	26.262 	-25507.3	-4570.26	-2570.19	2665.99
9  	28.8224	-21290.9	-4561.28	-2523.91	2592.53
10 	31.3318	-18491.9	-4532.34	-2523.91	2497.85
11 	33.825 	-19112.5	-4505.09	-2523.91	2492.93
12 	36.289 	-22541.7	-4546.19	-2523.91	2635.54
13 	38.7639	-19084.7	-4513.71	-2523.91	2552.43
14 	41.3946	-18399.5	-4500.61	-2523.51	2490.85
15 	43.8839	-19524.4	-4471.99	-2514.59	2429.89
16 	46.388 	-19332.2	-4458.47	-2476.18	2367.45
17 	48.9871	-19040.9	-4445.18	-2476.18	2354.93
18 	51.5482	-19074.7	-4444.07	-2466.96	2381.15
19 	54.0743	-19270.8	-4442.37	-2466.96	2365.03
20 	56.486 	-17952.3	-4408.19	-2465.64	2296.26
21 	58.9184	-17952.3	-4390.18	-2465.64	2248.13
22 	61.4515	-25956.1	-4363.42	-2465.64	2372.59
23 	63.9188	-24314.9	-4323.22	-2462.16	2240.46
24 	66.4236	-16883.1	-4314.24	-2454.84	2078.28
25 	68.8714	-15952.5	-4335.88	-2450.16	2139.92
26 	71.3203	-15390.3	-4303.41	-2447.03	2119.27
27 	73.721 	-14728.6	-4293.82	-2425.01	2086.32
28 	76.2917	-15146  	-4305.97	-2412.71	2141.82
29 	78.7563	-15196.1	-4268.3 	-2412.71	2090.22
30 	81.1743	-15604.9	-4238.98	-2412.71	2068.95
31 	83.6683	-15590.4	-4220.87	-2411.03	2054.59
32 	86.1684	-15022.9	-4213.36	-2411.03	2037.44
33 	88.6281	-14079  	-4190.58	-2411.03	1984.46
34 	91.2322	-22579.4	-4222.03	-2411.03	2136.34
35 	93.7218	-22641.6	-4236.92	-2411.03	2218.54
36 	96.1439	-16999.9	-4175.94	-2411.03	1995.15
37 	98.564 	-14946.1	-4143.93	-2411.03	1909.18
38 	101.016	-13583.9	-4126.89	-2411.03	1861.59
39 	103.438	-16822.8	-4136.17	-2411.03	1934.23
40 	105.94 	-14809.3	-4133.71	-2402.13	1887.33
41 	108.419	-15251.9	-4127.08	-2382.6 	1896.35
42 	110.891	-15159.3	-4115.64	-2382.6 	1880.61
43 	113.318	-15174.7	-4097.03	-2382.6 	1867.28
44 	115.758	-14876.7	-4078.45	-2382.6 	1812.19
45 	118.212	-13447.1	-4066.97	-2382.6 	1778.47
46 	120.707	-12579.6	-4045.39	-2382.6 	1736.17
47 	123.19 	-13083  	-4036.98	-2382.6 	1722.3 
48 	125.711	-13158.8	-4040.43	-2382.6 	1726.68
49 	128.145	-15784.1	-4043.09	-2382.6 	1773.25
50 	130.612	-14640.5	-4024.04	-2382.6 	1714.88
51 	133.139	-12951.6	-4026.13	-2382.6 	1685.23
52 	135.654	-12359.1	-4021.82	-2382.6 	1693.48
53 	138.112	-12354.1	-4027.65	-2382.6 	1685.83
54 	140.525	-11927.6	-4004.51	-2372.25	1624.23
55 	142.999	-12051.7	-4025.12	-2372.25	1659.99
56 	145.471	-12051.7	-4015.97	-2372.25	1620.46
57 	147.959	-12896.9	-4024.91	-2372.25	1672.12
58 	150.347	-13473.8	-4049.06	-2357.61	1718.2 
59 	152.815	-13473.8	-4038.38	-2357.61	1720.6 
60 	155.437	-13496.3	-4043.25	-2357.61	1759.84
61 	157.996	-12911  	-4054.46	-2357.61	1731.92
62 	160.563	-18153.8	-4100.21	-2352.33	1907.05
63 	163.004	-16959.5	-4082.93	-2341.93	1857.17
64 	165.504	-16092.2	-4081.38	-2341.93	1852   
65 	167.97 	-15718  	-4092.37	-2341.93	1879.63
66 	170.344	-15012  	-4052.9 	-2341.93	1831.94
67 	172.838	-14272.5	-4032.7 	-2341.93	1790.74
68 	175.345	-13843  	-4048.7 	-2341.93	1823.23
69 	177.808	-13496.7	-4042.85	-2341.93	1799.58
70 	180.336	-17939.9	-4068.59	-2337.86	1900.62
71 	182.904	-17974.4	-4066.7 	-2337.86	1899.24
72 	185.379	-16787.3	-4071   	-2337.86	1895.5 
73 	187.827	-15616.2	-4066.63	-2337.86	1878.21
74 	190.334	-13952.7	-4048.73	-2337.86	1838.83
75 	192.832	-13455.7	-4024.91	-2337.86	1787.93
76 	195.273	-13085.6	-4016.03	-2337.86	1791.84
77 	197.767	-16903.2	-4007.24	-2337.86	1802.53
78 	200.22 	-18500.9	-4006.19	-2337.86	1817.4 
79 	202.659	-13344  	-4013.84	-2332.31	1783.58
80 	205.248	-12608.3	-4025.47	-2332.31	1799.01
81 	207.651	-13446.8	-4053.65	-2327.41	1825.19
82 	210.104	-12743.4	-4044.96	-2327.41	1801.38
83 	212.598	-14035.9	-4049.37	-2327.41	1823.17
84 	215.062	-13751.4	-4040.01	-2325.89	1793.93
85 	217.469	-12611.8	-4026.1 	-2325.89	1774.2 
86 	219.921	-12598.9	-4033.7 	-2324.16	1787.19
87 	222.445	-12293.4	-4050.68	-2309.93	1815.82
88 	225.115	-15278.4	-4060.94	-2309.93	1847.33
89 	227.549	-15243.3	-4055.47	-2305.34	1867.29
90 	230.006	-14358.8	-4050.89	-2305.34	1850.95
91 	232.588	-12933.1	-4046.07	-2305.34	1820.4 
92 	235.08 	-12894.1	-4039.29	-2305.34	1826.52
93 	237.553	-12780.8	-4050.48	-2301.22	1819.68
94 	239.995	-12731.1	-4029.01	-2301.22	1789.79
95 	242.483	-12345.2	-4050.21	-2300.79	1838.03
96 	245.06 	-13235  	-4060.58	-2297.27	1885.48
97 	247.609	-13422.4	-4039.76	-2292.17	1873.38
98 	250.155	-13872.1	-4018.44	-2288.09	1836.32
99 	252.576	-18064.2	-4033.67	-2288.09	1936.61
