gen	time   	min     	avg     	max     	std    
0  	5.77251	-5539.04	-3360.35	-2631.31	416.732
1  	8.21791	-4326.26	-3052.75	-2605.07	227.734
2  	10.7179	-3442.81	-2878.77	-2541   	130.085
3  	13.2915	-3618.52	-2783.24	-2537.27	107.105
4  	15.7079	-3791.25	-2715.11	-2537.27	96.1578
5  	18.0621	-3274.94	-2654.49	-2508.62	68.6545
6  	20.4404	-7962.43	-2619.46	-2480.24	247.022
7  	22.8926	-3630.12	-2572.65	-2435.92	74.0556
8  	25.1517	-3264.28	-2536.2 	-2422.28	48.9865
9  	27.5278	-2963.55	-2508.85	-2417.93	40.4129
10 	29.7832	-2997.78	-2485.28	-2417.79	42.3456
11 	32.0536	-2908.23	-2460.97	-2396.56	34.1167
12 	34.4078	-3192.08	-2444.21	-2368   	52.9991
13 	36.7667	-2665.07	-2425.21	-2368   	24.1127
14 	39.1642	-3031.7 	-2415.38	-2354.63	45.9425
15 	41.5175	-3222.72	-2400.5 	-2343.26	50.1366
16 	43.846 	-2932.88	-2385.76	-2327.43	36.468 
17 	46.1655	-2600.85	-2371.42	-2323.13	25.1532
18 	48.4931	-2655.57	-2359.28	-2296.1 	26.332 
19 	50.8636	-2529.21	-2345.64	-2291.61	20.101 
20 	53.1642	-2807.8 	-2334.4 	-2290.07	28.5159
21 	55.4935	-2548.01	-2322.43	-2285.56	20.9715
22 	57.7553	-2445.35	-2310.31	-2274.98	16.7921
23 	60.1408	-2493.2 	-2300.57	-2268.64	18.2891
24 	62.3661	-2519.73	-2291.81	-2262.29	20.3973
25 	64.736 	-3527.79	-2287.77	-2261.54	61.9022
26 	67.0192	-2406.98	-2276.35	-2256.37	11.8745
27 	69.3959	-2987.98	-2273.47	-2252.9 	35.2044
28 	71.6978	-2407.17	-2266.9 	-2248.37	13.0099
29 	73.9529	-2810.05	-2264.55	-2240.55	32.7585
30 	76.2493	-2633.74	-2258.48	-2236.96	20.6863
31 	78.6256	-2443.36	-2254.02	-2230.8 	17.2753
32 	80.9803	-2379.18	-2249.06	-2226.55	14.4065
33 	83.3154	-2621.84	-2245.8 	-2222.79	28.9151
34 	85.6049	-2588.65	-2240.9 	-2219.49	26.9557
35 	87.8839	-2452.7 	-2234.29	-2219.11	15.4436
36 	90.1803	-2618.71	-2232.91	-2218.08	30.7324
37 	92.4708	-3038   	-2232.23	-2214.01	48.653 
38 	94.8667	-2448.41	-2224.81	-2208.71	16.5961
39 	97.2409	-2517.61	-2222.91	-2203.95	18.7185
40 	99.6102	-3201.24	-2221.58	-2202.22	47.0156
41 	101.958	-2368.33	-2214.82	-2200.22	9.55781
42 	104.293	-2354.86	-2212.42	-2195.53	11.5402
43 	106.598	-2654.53	-2211.15	-2192.54	24.9554
44 	108.895	-2540.15	-2208.71	-2189.44	23.8578
45 	111.212	-2579.23	-2204.98	-2186.72	22.5124
46 	113.563	-3036.06	-2202.84	-2184.41	44.201 
47 	116.015	-2425.42	-2197.68	-2179.71	19.6752
48 	118.204	-2538.44	-2193.87	-2179.71	20.9262
49 	120.571	-2317.1 	-2190.03	-2179.01	10.0936
50 	122.886	-2528.25	-2190.58	-2178.12	27.4042
51 	125.214	-2363.29	-2185.78	-2175.46	11.8493
52 	127.544	-2527.75	-2183.89	-2175.46	18.8599
53 	129.885	-2499.77	-2183.59	-2174.19	25.1964
54 	132.216	-2395.73	-2180.97	-2173.13	15.7345
55 	134.482	-2319.6 	-2179.81	-2169.3 	13.2446
56 	136.787	-2492.28	-2178.73	-2169.3 	18.683 
57 	139.14 	-2776.8 	-2178.13	-2168.9 	30.5766
58 	141.476	-2271.91	-2174.61	-2164.78	7.86907
59 	143.792	-2375.18	-2174.93	-2163.73	16.0308
60 	146.029	-2342   	-2172.34	-2163.73	11.414 
61 	148.202	-2244.55	-2170.14	-2163.54	6.38893
62 	150.539	-2341.47	-2169.61	-2160.8 	12.5362
63 	152.822	-2392.66	-2168.35	-2160.71	14.0794
64 	155.011	-2341.14	-2167.09	-2158.64	14.6868
65 	157.277	-2263.75	-2165.08	-2158.36	8.00959
66 	159.606	-4060.39	-2170.72	-2157.71	100.22 
67 	161.891	-2248.12	-2162.58	-2155.84	8.20705
68 	164.21 	-2293.85	-2161.66	-2154.67	10.4161
69 	166.578	-2832.94	-2163.6 	-2152.3 	42.6429
70 	168.938	-2440.5 	-2159.87	-2149   	15.4328
71 	171.206	-3131.06	-2160.38	-2149   	46.4686
72 	173.495	-2506.8 	-2157.4 	-2147.6 	20.9317
73 	175.71 	-2281.99	-2155.21	-2147.6 	10.1725
74 	178.042	-2259.43	-2153.18	-2146.47	8.63452
75 	180.322	-2282.29	-2151.83	-2145.38	10.1861
76 	182.667	-3083.23	-2154.16	-2144.76	56.3816
77 	184.961	-2210.89	-2148.68	-2142.31	5.87999
78 	187.299	-2420.89	-2149.34	-2142.31	16.9927
79 	189.672	-2241.91	-2147.02	-2141.63	7.35296
80 	191.999	-2550.86	-2147.09	-2140.79	19.2173
81 	194.285	-2248.96	-2145.48	-2138.71	7.97423
82 	196.62 	-2282.58	-2144.45	-2138.71	8.78891
83 	198.912	-2452.39	-2144.82	-2138.4 	19.9011
84 	201.172	-2632.73	-2143.35	-2138.01	22.9097
85 	203.378	-2169.89	-2140.82	-2136.56	3.13305
86 	205.757	-2592.67	-2142.55	-2136.46	23.4773
87 	208.073	-2189.55	-2139.83	-2134.93	5.28404
88 	210.37 	-2242.04	-2138.86	-2133.89	6.2569 
89 	212.732	-2313.34	-2139.47	-2133.26	11.9707
90 	215.043	-2232.55	-2138.01	-2133.06	7.94516
91 	217.424	-2702.2 	-2139.31	-2132.26	30.1661
92 	219.754	-2176.16	-2135.75	-2131.77	3.64425
93 	222.017	-2541.49	-2136.72	-2131.1 	23.4294
94 	224.358	-2519.32	-2135.9 	-2130.66	20.4911
95 	226.703	-2301.08	-2134.88	-2130.37	12.0458
96 	229.073	-2299.5 	-2134.26	-2129.64	12.807 
97 	231.321	-2219.36	-2132.21	-2128.37	5.29875
98 	233.619	-2341.14	-2133.06	-2127.77	15.5299
99 	235.95 	-2293.6 	-2132.19	-2126.66	12.6572
0  	241.391	-5281.94	-3499.73	-2725.7 	415.324
1  	243.806	-5872.99	-3181.91	-2691.29	244.721
2  	246.273	-4525.97	-3014.82	-2691.29	161.895
3  	248.657	-3764.13	-2901.55	-2623.38	111.948
4  	250.983	-4434   	-2829.49	-2607.25	123.834
5  	253.399	-4387.49	-2771.14	-2547.58	117.136
6  	255.747	-3454.24	-2710.3 	-2547.58	70.805 
7  	258.176	-2976.24	-2666.88	-2539.88	54.7714
8  	260.548	-4311.88	-2633.99	-2527.58	90.335 
9  	262.873	-2827.9 	-2594.84	-2473.41	41.135 
10 	265.24 	-2938.81	-2567.42	-2473.41	41.4816
11 	267.56 	-2839.29	-2546.4 	-2453.96	44.0626
12 	269.821	-2971.82	-2521.19	-2446.77	35.1682
13 	272.163	-2834.18	-2502.79	-2429.71	36.4307
14 	274.601	-2757.94	-2482.99	-2401.97	28.9833
15 	276.992	-2594.73	-2467.4 	-2400.1 	22.1645
16 	279.255	-2781.09	-2454.49	-2397   	33.0098
17 	281.522	-3482.94	-2444.33	-2381.4 	58.9472
18 	283.869	-2860.86	-2428.09	-2371.43	30.1864
19 	286.23 	-2600.27	-2413.91	-2356.71	22.0551
20 	288.581	-3420.32	-2404.22	-2355.51	51.8745
21 	290.827	-2924.32	-2392.91	-2338.33	39.417 
22 	293.171	-2973.65	-2380.54	-2332.26	39.4725
23 	295.48 	-3076.07	-2371.97	-2322.57	48.3634
24 	297.829	-4672.75	-2362.83	-2311.02	108.34 
25 	300.184	-5698.56	-2361.2 	-2304.75	199.728
26 	302.54 	-5169.34	-2349.07	-2298.63	142.032
27 	304.932	-2578.48	-2328.21	-2296.69	21.4165
28 	307.234	-2727.23	-2321.98	-2289.24	33.623 
29 	309.587	-2604.91	-2312.86	-2285.81	20.2035
30 	312.016	-2676.15	-2308.98	-2280.55	33.1113
31 	314.369	-2391.37	-2298.68	-2273.06	11.0678
32 	316.682	-2679.04	-2296.08	-2267.27	30.1902
33 	318.997	-2544.98	-2289.07	-2265.24	16.4437
34 	321.289	-3571.27	-2289.19	-2260.73	80.1728
35 	323.703	-2718.87	-2281.97	-2256.98	35.8522
36 	326.002	-2405.18	-2273.6 	-2251.33	12.4106
37 	328.337	-2565.43	-2269.01	-2250.94	18.9601
38 	330.695	-2401.38	-2264.84	-2243.09	14.3498
39 	333.042	-4967.86	-2266.13	-2234.04	121.946
40 	335.382	-2541.64	-2257.26	-2234.04	20.8967
41 	337.73 	-2501.52	-2252.2 	-2228.89	23.526 
42 	340.013	-2396.89	-2246.73	-2225.97	15.0687
43 	342.381	-2392.24	-2241.66	-2224.04	13.4073
44 	344.653	-2389.1 	-2236.98	-2219.32	13.1005
45 	346.933	-2480.1 	-2233.78	-2218.92	18.8514
46 	349.216	-2339.35	-2229.58	-2215.95	11.6756
47 	351.548	-2337.96	-2226.27	-2211.04	11.2191
48 	353.895	-2746.3 	-2226.22	-2211.04	30.0776
49 	356.242	-2334.84	-2220.73	-2207.59	11.2909
50 	358.528	-2338.31	-2218.15	-2205.24	10.3867
51 	360.824	-4580.65	-2221.07	-2203.09	107.002
52 	363.203	-2463.11	-2214.27	-2200.1 	19.4466
53 	365.441	-2364.89	-2210.72	-2197.06	14.2539
54 	367.855	-2439.2 	-2207.95	-2191.02	18.1814
55 	370.163	-2565.85	-2204.96	-2191.02	20.1184
56 	372.543	-2479.09	-2204.21	-2187.7 	27.9523
57 	375.128	-3124.63	-2202.58	-2186.55	53.896 
58 	377.438	-2495.53	-2196.59	-2184.47	18.2261
59 	379.766	-2392.85	-2194.51	-2182.95	16.3358
60 	382.082	-2359.1 	-2191.42	-2182.29	12.296 
61 	384.4  	-2462.54	-2190.42	-2179.73	18.1029
62 	386.653	-2329.45	-2187.91	-2177.13	11.1022
63 	388.989	-2362.76	-2187.59	-2176.48	15.8983
64 	391.384	-2290.35	-2185.48	-2173.88	10.6472
65 	393.681	-2358.52	-2184.07	-2173.88	11.9905
66 	395.981	-2604.43	-2185.58	-2173.88	30.7417
67 	398.332	-2347.3 	-2181.55	-2173.4 	13.7674
68 	400.668	-2384.42	-2179.72	-2172.13	14.8997
69 	402.949	-2957.23	-2180.38	-2171.78	44.1461
70 	405.333	-2587.37	-2177.25	-2170.99	25.7821
71 	407.664	-2403.22	-2176.45	-2170.1 	16.8337
72 	410.003	-2300.24	-2174.21	-2168.76	8.21755
73 	412.311	-2228.04	-2173.4 	-2167.96	6.30771
74 	414.567	-2320.37	-2173.62	-2167.26	11.8339
75 	416.869	-2423.3 	-2172.93	-2166.44	16.661 
76 	419.226	-2593.85	-2172.35	-2165.47	23.1554
77 	421.467	-2482.5 	-2172.19	-2162.64	20.4537
78 	423.823	-2484.64	-2170.82	-2162.12	22.669 
79 	426.132	-2972.02	-2170.51	-2160.04	44.3164
80 	428.411	-2366.96	-2167.57	-2160.04	13.4483
81 	430.715	-2827.39	-2167.69	-2158.17	32.5782
82 	432.95 	-2324.32	-2164.31	-2157.82	9.9264 
83 	435.29 	-2368.41	-2163.93	-2156.98	14.9416
84 	437.582	-2468.11	-2162.72	-2155   	17.426 
85 	439.854	-2261.3 	-2161.22	-2155   	10.1622
86 	442.223	-2726.84	-2162.92	-2154.3 	32.6527
87 	444.604	-2284.33	-2159.09	-2153.53	10.871 
88 	446.992	-2378.62	-2159.15	-2151.2 	14.6488
89 	449.35 	-2217.77	-2156.55	-2151.2 	7.16635
90 	451.666	-2384.28	-2156.93	-2150.43	17.9816
91 	454.062	-2437.39	-2156.53	-2148.91	19.2318
92 	456.638	-2260.41	-2154.56	-2146.61	9.82762
93 	458.943	-2298.43	-2153.84	-2146.61	11.1997
94 	461.231	-2245.6 	-2152.12	-2145.58	8.33855
95 	463.555	-2345.47	-2152.27	-2145.58	14.5355
96 	466.007	-2244.19	-2151.03	-2144.81	9.44465
97 	468.377	-2470.12	-2150.27	-2143.66	16.5261
98 	470.688	-3533.06	-2153.75	-2142.89	69.4829
99 	472.983	-2362.15	-2148.75	-2142.41	14.7762
