gen	time   	min     	avg     	max     	std    
0  	5.77251	-5539.04	-3360.35	-2631.31	416.732
1  	8.21791	-4326.26	-3052.75	-2605.07	227.734
2  	10.7179	-3442.81	-2878.77	-2541   	130.085
3  	13.2915	-3618.52	-2783.24	-2537.27	107.105
4  	15.7079	-3791.25	-2715.11	-2537.27	96.1578
5  	18.0621	-3274.94	-2654.49	-2508.62	68.6545
6  	20.4404	-7962.43	-2619.46	-2480.24	247.022
7  	22.8926	-3630.12	-2572.65	-2435.92	74.0556
8  	25.1517	-3264.28	-2536.2 	-2422.28	48.9865
9  	27.5278	-2963.55	-2508.85	-2417.93	40.4129
10 	29.7832	-2997.78	-2485.28	-2417.79	42.3456
11 	32.0536	-2908.23	-2460.97	-2396.56	34.1167
12 	34.4078	-3192.08	-2444.21	-2368   	52.9991
13 	36.7667	-2665.07	-2425.21	-2368   	24.1127
14 	39.1642	-3031.7 	-2415.38	-2354.63	45.9425
15 	41.5175	-3222.72	-2400.5 	-2343.26	50.1366
16 	43.846 	-2932.88	-2385.76	-2327.43	36.468 
17 	46.1655	-2600.85	-2371.42	-2323.13	25.1532
18 	48.4931	-2655.57	-2359.28	-2296.1 	26.332 
19 	50.8636	-2529.21	-2345.64	-2291.61	20.101 
20 	53.1642	-2807.8 	-2334.4 	-2290.07	28.5159
21 	55.4935	-2548.01	-2322.43	-2285.56	20.9715
22 	57.7553	-2445.35	-2310.31	-2274.98	16.7921
23 	60.1408	-2493.2 	-2300.57	-2268.64	18.2891
24 	62.3661	-2519.73	-2291.81	-2262.29	20.3973
25 	64.736 	-3527.79	-2287.77	-2261.54	61.9022
26 	67.0192	-2406.98	-2276.35	-2256.37	11.8745
27 	69.3959	-2987.98	-2273.47	-2252.9 	35.2044
28 	71.6978	-2407.17	-2266.9 	-2248.37	13.0099
29 	73.9529	-2810.05	-2264.55	-2240.55	32.7585
30 	76.2493	-2633.74	-2258.48	-2236.96	20.6863
31 	78.6256	-2443.36	-2254.02	-2230.8 	17.2753
32 	80.9803	-2379.18	-2249.06	-2226.55	14.4065
33 	83.3154	-2621.84	-2245.8 	-2222.79	28.9151
34 	85.6049	-2588.65	-2240.9 	-2219.49	26.9557
35 	87.8839	-2452.7 	-2234.29	-2219.11	15.4436
36 	90.1803	-2618.71	-2232.91	-2218.08	30.7324
37 	92.4708	-3038   	-2232.23	-2214.01	48.653 
38 	94.8667	-2448.41	-2224.81	-2208.71	16.5961
39 	97.2409	-2517.61	-2222.91	-2203.95	18.7185
40 	99.6102	-3201.24	-2221.58	-2202.22	47.0156
41 	101.958	-2368.33	-2214.82	-2200.22	9.55781
42 	104.293	-2354.86	-2212.42	-2195.53	11.5402
43 	106.598	-2654.53	-2211.15	-2192.54	24.9554
44 	108.895	-2540.15	-2208.71	-2189.44	23.8578
45 	111.212	-2579.23	-2204.98	-2186.72	22.5124
46 	113.563	-3036.06	-2202.84	-2184.41	44.201 
47 	116.015	-2425.42	-2197.68	-2179.71	19.6752
48 	118.204	-2538.44	-2193.87	-2179.71	20.9262
49 	120.571	-2317.1 	-2190.03	-2179.01	10.0936
50 	122.886	-2528.25	-2190.58	-2178.12	27.4042
51 	125.214	-2363.29	-2185.78	-2175.46	11.8493
52 	127.544	-2527.75	-2183.89	-2175.46	18.8599
53 	129.885	-2499.77	-2183.59	-2174.19	25.1964
54 	132.216	-2395.73	-2180.97	-2173.13	15.7345
55 	134.482	-2319.6 	-2179.81	-2169.3 	13.2446
56 	136.787	-2492.28	-2178.73	-2169.3 	18.683 
57 	139.14 	-2776.8 	-2178.13	-2168.9 	30.5766
58 	141.476	-2271.91	-2174.61	-2164.78	7.86907
59 	143.792	-2375.18	-2174.93	-2163.73	16.0308
60 	146.029	-2342   	-2172.34	-2163.73	11.414 
61 	148.202	-2244.55	-2170.14	-2163.54	6.38893
62 	150.539	-2341.47	-2169.61	-2160.8 	12.5362
63 	152.822	-2392.66	-2168.35	-2160.71	14.0794
64 	155.011	-2341.14	-2167.09	-2158.64	14.6868
65 	157.277	-2263.75	-2165.08	-2158.36	8.00959
66 	159.606	-4060.39	-2170.72	-2157.71	100.22 
67 	161.891	-2248.12	-2162.58	-2155.84	8.20705
68 	164.21 	-2293.85	-2161.66	-2154.67	10.4161
69 	166.578	-2832.94	-2163.6 	-2152.3 	42.6429
70 	168.938	-2440.5 	-2159.87	-2149   	15.4328
71 	171.206	-3131.06	-2160.38	-2149   	46.4686
72 	173.495	-2506.8 	-2157.4 	-2147.6 	20.9317
73 	175.71 	-2281.99	-2155.21	-2147.6 	10.1725
74 	178.042	-2259.43	-2153.18	-2146.47	8.63452
75 	180.322	-2282.29	-2151.83	-2145.38	10.1861
76 	182.667	-3083.23	-2154.16	-2144.76	56.3816
77 	184.961	-2210.89	-2148.68	-2142.31	5.87999
78 	187.299	-2420.89	-2149.34	-2142.31	16.9927
79 	189.672	-2241.91	-2147.02	-2141.63	7.35296
80 	191.999	-2550.86	-2147.09	-2140.79	19.2173
81 	194.285	-2248.96	-2145.48	-2138.71	7.97423
82 	196.62 	-2282.58	-2144.45	-2138.71	8.78891
83 	198.912	-2452.39	-2144.82	-2138.4 	19.9011
84 	201.172	-2632.73	-2143.35	-2138.01	22.9097
85 	203.378	-2169.89	-2140.82	-2136.56	3.13305
86 	205.757	-2592.67	-2142.55	-2136.46	23.4773
87 	208.073	-2189.55	-2139.83	-2134.93	5.28404
88 	210.37 	-2242.04	-2138.86	-2133.89	6.2569 
89 	212.732	-2313.34	-2139.47	-2133.26	11.9707
90 	215.043	-2232.55	-2138.01	-2133.06	7.94516
91 	217.424	-2702.2 	-2139.31	-2132.26	30.1661
92 	219.754	-2176.16	-2135.75	-2131.77	3.64425
93 	222.017	-2541.49	-2136.72	-2131.1 	23.4294
94 	224.358	-2519.32	-2135.9 	-2130.66	20.4911
95 	226.703	-2301.08	-2134.88	-2130.37	12.0458
96 	229.073	-2299.5 	-2134.26	-2129.64	12.807 
97 	231.321	-2219.36	-2132.21	-2128.37	5.29875
98 	233.619	-2341.14	-2133.06	-2127.77	15.5299
99 	235.95 	-2293.6 	-2132.19	-2126.66	12.6572
0  	241.391	-5281.94	-3499.73	-2725.7 	415.324
1  	243.806	-5872.99	-3181.91	-2691.29	244.721
2  	246.273	-4525.97	-3014.82	-2691.29	161.895
3  	248.657	-3764.13	-2901.55	-2623.38	111.948
4  	250.983	-4434   	-2829.49	-2607.25	123.834
5  	253.399	-4387.49	-2771.14	-2547.58	117.136
6  	255.747	-3454.24	-2710.3 	-2547.58	70.805 
7  	258.176	-2976.24	-2666.88	-2539.88	54.7714
8  	260.548	-4311.88	-2633.99	-2527.58	90.335 
9  	262.873	-2827.9 	-2594.84	-2473.41	41.135 
10 	265.24 	-2938.81	-2567.42	-2473.41	41.4816
11 	267.56 	-2839.29	-2546.4 	-2453.96	44.0626
12 	269.821	-2971.82	-2521.19	-2446.77	35.1682
13 	272.163	-2834.18	-2502.79	-2429.71	36.4307
14 	274.601	-2757.94	-2482.99	-2401.97	28.9833
15 	276.992	-2594.73	-2467.4 	-2400.1 	22.1645
16 	279.255	-2781.09	-2454.49	-2397   	33.0098
17 	281.522	-3482.94	-2444.33	-2381.4 	58.9472
18 	283.869	-2860.86	-2428.09	-2371.43	30.1864
19 	286.23 	-2600.27	-2413.91	-2356.71	22.0551
20 	288.581	-3420.32	-2404.22	-2355.51	51.8745
21 	290.827	-2924.32	-2392.91	-2338.33	39.417 
22 	293.171	-2973.65	-2380.54	-2332.26	39.4725
23 	295.48 	-3076.07	-2371.97	-2322.57	48.3634
24 	297.829	-4672.75	-2362.83	-2311.02	108.34 
25 	300.184	-5698.56	-2361.2 	-2304.75	199.728
26 	302.54 	-5169.34	-2349.07	-2298.63	142.032
27 	304.932	-2578.48	-2328.21	-2296.69	21.4165
28 	307.234	-2727.23	-2321.98	-2289.24	33.623 
29 	309.587	-2604.91	-2312.86	-2285.81	20.2035
30 	312.016	-2676.15	-2308.98	-2280.55	33.1113
31 	314.369	-2391.37	-2298.68	-2273.06	11.0678
32 	316.682	-2679.04	-2296.08	-2267.27	30.1902
33 	318.997	-2544.98	-2289.07	-2265.24	16.4437
34 	321.289	-3571.27	-2289.19	-2260.73	80.1728
35 	323.703	-2718.87	-2281.97	-2256.98	35.8522
36 	326.002	-2405.18	-2273.6 	-2251.33	12.4106
37 	328.337	-2565.43	-2269.01	-2250.94	18.9601
38 	330.695	-2401.38	-2264.84	-2243.09	14.3498
39 	333.042	-4967.86	-2266.13	-2234.04	121.946
40 	335.382	-2541.64	-2257.26	-2234.04	20.8967
41 	337.73 	-2501.52	-2252.2 	-2228.89	23.526 
42 	340.013	-2396.89	-2246.73	-2225.97	15.0687
43 	342.381	-2392.24	-2241.66	-2224.04	13.4073
44 	344.653	-2389.1 	-2236.98	-2219.32	13.1005
45 	346.933	-2480.1 	-2233.78	-2218.92	18.8514
46 	349.216	-2339.35	-2229.58	-2215.95	11.6756
47 	351.548	-2337.96	-2226.27	-2211.04	11.2191
48 	353.895	-2746.3 	-2226.22	-2211.04	30.0776
49 	356.242	-2334.84	-2220.73	-2207.59	11.2909
50 	358.528	-2338.31	-2218.15	-2205.24	10.3867
51 	360.824	-4580.65	-2221.07	-2203.09	107.002
52 	363.203	-2463.11	-2214.27	-2200.1 	19.4466
53 	365.441	-2364.89	-2210.72	-2197.06	14.2539
54 	367.855	-2439.2 	-2207.95	-2191.02	18.1814
55 	370.163	-2565.85	-2204.96	-2191.02	20.1184
56 	372.543	-2479.09	-2204.21	-2187.7 	27.9523
57 	375.128	-3124.63	-2202.58	-2186.55	53.896 
58 	377.438	-2495.53	-2196.59	-2184.47	18.2261
59 	379.766	-2392.85	-2194.51	-2182.95	16.3358
60 	382.082	-2359.1 	-2191.42	-2182.29	12.296 
61 	384.4  	-2462.54	-2190.42	-2179.73	18.1029
62 	386.653	-2329.45	-2187.91	-2177.13	11.1022
63 	388.989	-2362.76	-2187.59	-2176.48	15.8983
64 	391.384	-2290.35	-2185.48	-2173.88	10.6472
65 	393.681	-2358.52	-2184.07	-2173.88	11.9905
66 	395.981	-2604.43	-2185.58	-2173.88	30.7417
67 	398.332	-2347.3 	-2181.55	-2173.4 	13.7674
68 	400.668	-2384.42	-2179.72	-2172.13	14.8997
69 	402.949	-2957.23	-2180.38	-2171.78	44.1461
70 	405.333	-2587.37	-2177.25	-2170.99	25.7821
71 	407.664	-2403.22	-2176.45	-2170.1 	16.8337
72 	410.003	-2300.24	-2174.21	-2168.76	8.21755
73 	412.311	-2228.04	-2173.4 	-2167.96	6.30771
74 	414.567	-2320.37	-2173.62	-2167.26	11.8339
75 	416.869	-2423.3 	-2172.93	-2166.44	16.661 
76 	419.226	-2593.85	-2172.35	-2165.47	23.1554
77 	421.467	-2482.5 	-2172.19	-2162.64	20.4537
78 	423.823	-2484.64	-2170.82	-2162.12	22.669 
79 	426.132	-2972.02	-2170.51	-2160.04	44.3164
80 	428.411	-2366.96	-2167.57	-2160.04	13.4483
81 	430.715	-2827.39	-2167.69	-2158.17	32.5782
82 	432.95 	-2324.32	-2164.31	-2157.82	9.9264 
83 	435.29 	-2368.41	-2163.93	-2156.98	14.9416
84 	437.582	-2468.11	-2162.72	-2155   	17.426 
85 	439.854	-2261.3 	-2161.22	-2155   	10.1622
86 	442.223	-2726.84	-2162.92	-2154.3 	32.6527
87 	444.604	-2284.33	-2159.09	-2153.53	10.871 
88 	446.992	-2378.62	-2159.15	-2151.2 	14.6488
89 	449.35 	-2217.77	-2156.55	-2151.2 	7.16635
90 	451.666	-2384.28	-2156.93	-2150.43	17.9816
91 	454.062	-2437.39	-2156.53	-2148.91	19.2318
92 	456.638	-2260.41	-2154.56	-2146.61	9.82762
93 	458.943	-2298.43	-2153.84	-2146.61	11.1997
94 	461.231	-2245.6 	-2152.12	-2145.58	8.33855
95 	463.555	-2345.47	-2152.27	-2145.58	14.5355
96 	466.007	-2244.19	-2151.03	-2144.81	9.44465
97 	468.377	-2470.12	-2150.27	-2143.66	16.5261
98 	470.688	-3533.06	-2153.75	-2142.89	69.4829
99 	472.983	-2362.15	-2148.75	-2142.41	14.7762
0  	478.3  	-5961.16	-3289.57	-2579.43	438.922
1  	480.696	-3661.6 	-2968.01	-2564.45	195.093
2  	483.077	-5061.9 	-2819.9 	-2530.48	166.469
3  	485.415	-3446.41	-2706.49	-2495.29	107.426
4  	487.737	-2999.63	-2629.06	-2461.89	76.1424
5  	490.125	-3178.42	-2579.72	-2456.74	76.6433
6  	492.414	-3331.12	-2539.21	-2436.86	73.0872
7  	494.762	-3499.94	-2509.73	-2410.52	70.5888
8  	497.058	-4420.45	-2488.3 	-2388.16	95.14  
9  	499.438	-3441.61	-2464.61	-2383.97	57.2632
10 	501.809	-2974.02	-2442.96	-2359.58	47.1214
11 	504.109	-2777.29	-2420.2 	-2359.37	34.0711
12 	506.49 	-3241.8 	-2401.8 	-2344.81	44.3626
13 	508.822	-2799.73	-2388.16	-2318.12	45.4565
14 	511.059	-2788.69	-2370.28	-2314.51	33.4735
15 	513.419	-2836.43	-2357.23	-2295.59	33.9321
16 	515.736	-3047.05	-2345.61	-2277.61	44.5145
17 	518.095	-2619.95	-2330.48	-2277.61	25.4004
18 	520.304	-2850.85	-2319.81	-2271.17	34.9745
19 	522.65 	-3304.27	-2309.79	-2266.67	57.6019
20 	524.981	-2782.91	-2296.54	-2243.59	29.7   
21 	527.272	-2649.39	-2287.1 	-2232.43	27.5661
22 	529.649	-2427.85	-2276.88	-2232.43	17.0649
23 	532.058	-2348   	-2267.65	-2226.38	12.2133
24 	534.44 	-2845.54	-2263.12	-2223.56	40.3988
25 	536.785	-2487.96	-2250.48	-2223.56	18.1318
26 	539.017	-3100.12	-2244.72	-2218.96	42.2598
27 	541.258	-2368.5 	-2235.79	-2218.02	12.8382
28 	543.586	-2465.2 	-2231.58	-2217.41	19.3324
29 	545.891	-2836.83	-2228.58	-2214.41	30.1886
30 	548.223	-2417.64	-2225.61	-2212.42	18.202 
31 	550.534	-2407.98	-2221.8 	-2209.37	13.3646
32 	552.939	-2453.95	-2219.31	-2207.85	16.3363
33 	555.225	-2397.84	-2218.05	-2204.87	17.5784
34 	557.538	-2994.88	-2216.59	-2201.76	36.7588
35 	559.864	-3636.55	-2216.41	-2199.92	65.9707
36 	562.176	-2437.75	-2210.71	-2197.53	18.483 
37 	564.522	-2398.03	-2207.25	-2189.57	14.2175
38 	566.901	-2270.59	-2203.48	-2184.64	8.1126 
39 	569.214	-2444.68	-2201.4 	-2184.64	16.665 
40 	571.473	-2330.26	-2198.44	-2182.94	14.017 
41 	573.755	-2478.05	-2196.07	-2181.37	22.0613
42 	575.996	-2363.77	-2191.11	-2178.67	12.009 
43 	578.319	-2727.82	-2189.49	-2178.67	29.333 
44 	580.604	-2324.73	-2185.59	-2176.97	9.46531
45 	582.945	-2379.54	-2184.07	-2176.84	11.3734
46 	585.316	-2328.46	-2183.08	-2175.67	11.3473
47 	587.685	-3764.62	-2185.33	-2172.62	73.9635
48 	590.075	-2881.49	-2183.02	-2172.62	41.7547
49 	592.43 	-2319.76	-2179.7 	-2171.96	13.0619
50 	594.688	-2229.74	-2177.25	-2171.31	6.25683
51 	596.991	-2482.11	-2177.19	-2168.4 	17.7002
52 	599.261	-2508.86	-2175.87	-2166.62	18.0586
53 	601.564	-2349.42	-2174.65	-2165.65	14.9062
54 	603.872	-2228.84	-2171.68	-2162.13	5.79445
55 	606.293	-2366.91	-2171.16	-2161.56	12.6663
56 	608.567	-2796.73	-2172.02	-2160.86	34.0311
57 	610.948	-2327.94	-2167.91	-2160.32	10.5496
58 	613.304	-2615.94	-2167.42	-2159.04	24.6153
59 	615.543	-2432.98	-2166.19	-2157.66	19.9104
60 	617.838	-2551.31	-2163.77	-2155.26	19.5312
61 	620.137	-2262.8 	-2162.13	-2155.26	9.83656
62 	622.391	-2465.71	-2162.12	-2154.86	16.5848
63 	624.688	-2403.87	-2161.14	-2153.69	16.5714
64 	626.986	-2275.83	-2158.87	-2152.17	7.82949
65 	629.346	-2319.22	-2158.48	-2149.55	12.2739
66 	631.561	-2265.58	-2157.23	-2149.55	8.62949
67 	633.888	-2334.96	-2155.91	-2149.55	9.29446
68 	636.223	-2264.45	-2155.18	-2147.85	9.68076
69 	638.505	-2228.46	-2153.82	-2147.45	7.08105
70 	640.862	-2423.77	-2153.37	-2145.75	14.345 
71 	643.17 	-2226.81	-2152   	-2145.3 	8.99632
72 	645.439	-2216.44	-2150.53	-2144.3 	7.19186
73 	647.788	-2301.44	-2149.15	-2143.03	8.69046
74 	650.099	-2293.6 	-2148.6 	-2141.76	11.5057
75 	652.464	-2513.6 	-2148.58	-2139.23	20.5686
76 	654.762	-2265.2 	-2146.15	-2139.23	10.4299
77 	657.099	-2249   	-2144.7 	-2138.29	8.94627
78 	659.469	-2491.92	-2144.59	-2136.24	20.7015
79 	661.817	-2274.65	-2143.05	-2135.59	12.7443
80 	664.16 	-2317.85	-2141.95	-2134.58	14.6902
81 	666.525	-2401.34	-2140.49	-2133.05	16.4835
82 	668.815	-2329.43	-2139.78	-2132.97	14.8394
83 	671.125	-2272.68	-2137.91	-2132.23	9.56432
84 	673.428	-2195.54	-2136.26	-2132.23	5.1576 
85 	675.817	-2203.96	-2135.69	-2131.45	6.81595
86 	6378.29	-2243.18	-2135.14	-2130.3 	10.2535
87 	6380.71	-2197.59	-2133.44	-2129.02	4.99487
88 	6383.22	-2228.69	-2133.06	-2129.02	6.57278
89 	6385.96	-2245.24	-2133.36	-2128.58	10.0444
90 	6388.69	-2209.14	-2132.05	-2127.85	7.33342
91 	6391.38	-2267.82	-2131.99	-2127.28	11.5864
92 	6395.28	-2800.24	-2132.35	-2125.94	34.3063
93 	6398.4 	-2171.87	-2129.47	-2125.54	4.40048
94 	6401.12	-2419.48	-2130.15	-2125.37	17.7784
95 	6403.94	-2388.7 	-2129.14	-2122.31	14.332 
96 	6406.56	-2386.89	-2128.81	-2122.31	16.6382
97 	6409.29	-2319.71	-2127.64	-2122.31	14.0946
98 	6411.89	-2210.6 	-2125.97	-2121.09	7.2162 
99 	6414.64	-2284.69	-2125.6 	-2118.91	11.8559
0  	6420.9 	-7142.65	-3540.21	-2631.29	597.977
1  	6423.65	-4085.42	-3131.44	-2622.58	278.817
2  	6426.36	-3891.2 	-2907.98	-2584.6 	173.589
3  	6428.97	-3649.86	-2775.19	-2562.06	112.573
4  	6431.57	-3696.42	-2696.44	-2559.38	81.8302
5  	6434.82	-3225.1 	-2647.3 	-2506.04	66.6084
6  	6438.21	-3005.89	-2612.03	-2506.04	45.0056
7  	6441.3 	-2856.87	-2587.46	-2503.44	35.3549
8  	6444.41	-3018.17	-2569.41	-2433.89	45.67  
9  	6447.67	-3335.17	-2551.77	-2433.89	64.4868
10 	6450.6 	-2841.78	-2524.85	-2433.89	32.9094
11 	6453.22	-2779.94	-2507.46	-2400.83	37.0857
12 	6456.07	-2775.9 	-2487.87	-2391.64	36.0203
13 	6458.64	-2993.24	-2467.5 	-2385.09	39.8237
14 	6461.18	-3063.06	-2449.2 	-2369.15	55.0618
15 	6464.05	-2773.91	-2425.05	-2345.45	32.5952
16 	6466.65	-3607.44	-2407.74	-2338.23	58.6568
17 	6469.17	-2636.98	-2392.43	-2328.24	31.0458
18 	6471.77	-2683.44	-2378.31	-2317.1 	34.1256
19 	6474.33	-2862.81	-2364.93	-2302.95	32.0145
20 	6477.05	-3066.9 	-2353.17	-2302.95	41.7412
21 	6479.71	-2944.47	-2338.44	-2292.67	34.544 
22 	6482.37	-2608.57	-2328.71	-2286.32	28.045 
23 	6485.08	-2412.04	-2315.45	-2285.1 	13.2443
24 	6487.56	-2671.44	-2310.1 	-2275.95	32.161 
25 	6490.22	-2787.07	-2302.34	-2268.6 	31.7934
26 	6492.76	-3367.33	-2295.62	-2267.11	56.7897
27 	6495.8 	-2594.97	-2289.24	-2260.19	30.0604
28 	6498.4 	-2564.74	-2280.99	-2253.69	19.4453
29 	6501.01	-2628.82	-2276.09	-2252.17	23.2059
30 	6503.97	-2394.45	-2269   	-2239.63	13.5012
31 	6506.61	-2688.83	-2265.29	-2239.63	25.4149
32 	6509.14	-3451.89	-2261.07	-2235.23	55.7037
33 	6511.76	-2504.29	-2254.88	-2231.33	19.5851
34 	6514.49	-2374.23	-2249.07	-2231.33	12.5824
35 	6517.13	-2490.65	-2244.91	-2225.18	15.5566
36 	6519.9 	-2504.31	-2243.33	-2217.18	27.5683
37 	6522.44	-2690.94	-2238.8 	-2214.78	29.3391
38 	6525.1 	-2509.37	-2232.61	-2211.01	19.372 
39 	6528.37	-2386.79	-2228.07	-2207.77	13.7937
40 	6530.97	-2607.63	-2228.1 	-2207.77	34.047 
41 	6533.53	-2478.63	-2222   	-2203.4 	18.9036
42 	6536.11	-2484.55	-2217.25	-2203.4 	15.0419
43 	6538.66	-2309.46	-2214.27	-2201.68	10.7443
44 	6541.33	-2398.79	-2211.63	-2201.68	14.8302
45 	6544.74	-2694.54	-2210.22	-2199.4 	24.3736
46 	6547.48	-2552.91	-2208.34	-2197.91	23.9748
47 	6550.2 	-2313.85	-2205.02	-2193.7 	9.392  
48 	6552.91	-2451.35	-2203.65	-2190.51	15.9041
49 	6555.62	-2447.52	-2201.55	-2190.51	14.3482
50 	6558.37	-2875.92	-2202.66	-2187.39	39.2977
51 	6561.12	-2477.41	-2198.85	-2186.69	18.7097
52 	6563.76	-2540.32	-2196.51	-2186.07	21.0908
53 	6566.34	-3341.22	-2197.12	-2182.7 	55.4155
54 	6568.99	-2385.03	-2193.01	-2182.58	17.0304
55 	6571.68	-2547.65	-2192.12	-2180   	25.119 
56 	6574.41	-2975.47	-2190.49	-2177.69	40.4083
57 	6576.96	-2926.67	-2188.58	-2175.71	42.7092
58 	6579.71	-2643.49	-2185.51	-2173.91	26.7422
59 	6582.39	-2355.88	-2183.21	-2173.35	12.8448
60 	6584.88	-2318.92	-2181.72	-2172.27	14.8356
61 	6587.57	-2628.74	-2182.01	-2171.06	30.6028
62 	6590.25	-2265.91	-2177.12	-2170.25	8.68203
63 	6592.88	-2271.72	-2175.85	-2163.21	10.3029
64 	6595.49	-2562.57	-2178.85	-2162.51	36.3397
65 	6598.16	-2313.05	-2173.84	-2161.69	13.1171
66 	6601.25	-2402.65	-2172.64	-2161.69	17.53  
67 	6604.37	-2236.72	-2169.35	-2160.25	7.25786
68 	6607.26	-2318.14	-2168.03	-2159.94	11.7536
69 	6610.11	-2234.96	-2166.08	-2159.55	8.8135 
70 	6613.16	-2234.74	-2163.78	-2158.89	7.2598 
71 	6616.23	-2412.99	-2163.38	-2158.03	14.53  
72 	6619.02	-2327.89	-2162.63	-2155.05	14.5684
73 	6621.89	-2633.93	-2162.95	-2155.05	25.2881
74 	6625.2 	-2959.25	-2162.76	-2154.68	38.6225
75 	6628.19	-2375.24	-2160.5 	-2153.68	16.3666
76 	6631.17	-2455.02	-2159.37	-2152.16	18.4003
77 	6634.1 	-2482.77	-2158.42	-2152.16	19.5791
78 	6636.92	-2360.29	-2157.35	-2150.44	15.0954
79 	6639.44	-2254.87	-2154.89	-2148.92	7.13408
80 	6642.15	-2572.62	-2154.8 	-2147.44	19.7706
81 	6644.76	-2256.39	-2153.19	-2146.51	9.50033
82 	6647.37	-2219.6 	-2151.61	-2146   	6.65315
83 	6650.05	-2249.87	-2151.21	-2145.41	8.90507
84 	6653.13	-2456.42	-2150.16	-2144.22	16.2629
85 	6656.76	-3334.13	-2150.78	-2143.59	53.2663
86 	6660.03	-2239.52	-2147.71	-2143.12	7.62793
87 	6663.37	-2247.2 	-2147.16	-2142.07	7.83378
88 	6666.74	-2316.17	-2145.96	-2141.6 	9.82616
89 	6670.09	-2250.65	-2145.59	-2141.11	9.58754
90 	6673.46	-2282   	-2145.43	-2138.45	10.6892
91 	6676.74	-2369.11	-2144.27	-2138.45	12.3558
92 	6679.95	-2823.08	-2146.02	-2137.75	34.9633
93 	6683.34	-2275.29	-2142.88	-2137.41	9.7211 
94 	6686.56	-2289.71	-2143.18	-2136.04	13.7784
95 	6689.73	-2434.77	-2141.71	-2135.41	16.4399
96 	6693.17	-2282.04	-2140.78	-2134.68	12.3481
97 	6696.74	-2223.03	-2138.99	-2134.68	7.23757
98 	6700.37	-2538.49	-2140.6 	-2133.64	25.3453
99 	6703.56	-2220.33	-2137.75	-2133.24	7.53149
0  	6710.81	-5430.13	-3415.37	-2754.9 	428.182
1  	6713.71	-3862.85	-3119.33	-2597.8 	207.718
2  	6716.35	-4417.64	-2954.59	-2597.8 	158.857
3  	6719.03	-3171.1 	-2842.58	-2512.35	109.441
4  	6721.99	-3360.17	-2751.9 	-2484.29	94.7149
5  	6724.85	-3398.46	-2683.36	-2479.23	94.7389
6  	6727.46	-2941.32	-2617.64	-2438.58	62.6377
7  	6730.63	-2932.44	-2571.61	-2437.82	58.0438
8  	6733.78	-2693.32	-2528.53	-2399.29	41.573 
9  	6736.6 	-2722.07	-2498.86	-2379.36	40.7901
10 	6739.54	-4873.12	-2479.55	-2364.76	119.187
11 	6742.5 	-2609.55	-2447.28	-2364.76	28.3572
12 	6745.22	-3594.15	-2434.16	-2364.06	72.2179
13 	6748.04	-3883.99	-2410.72	-2363.87	70.4462
14 	6750.84	-2721.71	-2394.37	-2358.26	31.4953
15 	6753.49	-2531.4 	-2380.63	-2345.74	19.1801
16 	6756.15	-2648.95	-2372.24	-2342.16	21.8643
17 	6758.87	-3136.46	-2371.21	-2339.99	54.4885
18 	6761.51	-3157.17	-2360.8 	-2336.84	37.4618
19 	6764.21	-3197.53	-2356.19	-2331.33	42.3218
20 	6766.87	-2719.17	-2348.82	-2321.66	26.498 
21 	6769.62	-2717.79	-2344.85	-2309.84	30.8588
22 	6772.37	-3251.14	-2342.67	-2309.84	61.6141
23 	6775.13	-2808.87	-2334.89	-2306.37	32.1589
24 	6777.95	-2457.14	-2326.02	-2302.92	14.2376
25 	6780.71	-2465.1 	-2321.06	-2302.05	15.5061
26 	6783.42	-3570.86	-2318.35	-2302   	57.6254
27 	6786.24	-2639.22	-2314.35	-2299.46	23.623 
28 	6788.91	-3126.74	-2312.15	-2290.03	44.4206
29 	6791.53	-2632.18	-2307.89	-2290.03	22.5005
30 	6794.31	-2957.72	-2306.46	-2290.03	35.6912
31 	6797.32	-2610.5 	-2303.05	-2287.92	24.9201
32 	6800.08	-3184.99	-2301.74	-2284.08	44.4568
33 	6803.13	-2554.74	-2296.33	-2282.73	21.8565
34 	6805.86	-2676.83	-2296.66	-2275.68	38.4695
35 	6808.43	-2664.22	-2290.09	-2271.45	23.3582
36 	6811.37	-2480.36	-2287.7 	-2271.45	21.2131
37 	6814.22	-2533.6 	-2283.57	-2268.65	16.2459
38 	6817.44	-2721.91	-2281.76	-2264.73	31.483 
39 	6820.5 	-3102.74	-2280.03	-2263.09	47.2673
40 	6823.11	-2340.01	-2272.63	-2258.56	7.44596
41 	6825.81	-2424.11	-2270.14	-2252.03	12.8551
42 	6828.35	-2525.66	-2268.4 	-2250.23	22.3136
43 	6831.11	-2392.13	-2263.72	-2245.78	13.3462
44 	6833.99	-2400.83	-2259.43	-2242.17	13.3564
45 	6836.88	-2547.85	-2258.51	-2239.97	27.5022
46 	6839.48	-2339.56	-2252.56	-2235.08	9.11689
47 	6842.45	-2722.44	-2250.47	-2234.34	24.3006
48 	6845.07	-3759.67	-2250.32	-2232.83	69.1813
49 	6847.73	-2668.21	-2244.49	-2232.62	22.8959
50 	6850.59	-2841.2 	-2243.2 	-2228.15	36.3207
51 	6853.26	-2509.14	-2238.81	-2223.11	20.6025
52 	6856.03	-2403.92	-2234.63	-2222.61	12.3821
53 	6858.61	-3101.1 	-2235.87	-2221.76	53.3076
54 	6861.33	-3266.71	-2232.86	-2213.84	50.5193
55 	6864.18	-2346.2 	-2227.49	-2213.84	11.6409
56 	6866.75	-2633   	-2226.61	-2209.45	26.519 
57 	6869.37	-2414.07	-2223.33	-2207.35	15.778 
58 	6872.16	-2464.81	-2220   	-2206.43	17.1924
59 	6875.04	-12528.5	-2240.38	-2205.1 	465.036
60 	6877.86	-2531.76	-2214.35	-2204.08	21.261 
61 	6880.61	-2499.19	-2211.84	-2200.92	16.4474
62 	6883.29	-2684.88	-2210.37	-2198.72	24.7742
63 	6886.89	-2423.84	-2207.57	-2196.2 	15.152 
64 	6889.78	-2385.67	-2206.43	-2195.5 	15.4647
65 	6892.49	-2334.13	-2202.85	-2193.8 	9.86034
66 	6895.48	-2453.46	-2202.65	-2191.93	19.3806
67 	6898.56	-2396.57	-2200.21	-2191.65	15.3348
68 	6901.57	-2567.84	-2199.42	-2188.78	22.0282
69 	6904.31	-2482.37	-2196.96	-2187.38	18.3432
70 	6907.29	-2595.42	-2196.4 	-2185.68	24.1594
71 	6909.89	-2389.48	-2192.59	-2182.2 	11.3554
72 	6912.67	-2280.58	-2190.88	-2180.32	9.10367
73 	6915.43	-2437.85	-2190.62	-2179.83	17.901 
74 	6918.37	-2394.86	-2188.11	-2178.35	12.7476
75 	6921.19	-2265.54	-2185   	-2176.1 	7.1842 
76 	6924.16	-2321.01	-2183.39	-2172.08	10.0104
77 	6927.3 	-2530.27	-2183.04	-2170.7 	22.7421
78 	6930.02	-2696.86	-2180.66	-2167.46	24.575 
79 	6932.62	-5590.44	-2184.68	-2166.76	152.771
80 	6935.21	-3100.27	-2178.81	-2166.75	45.8262
81 	6937.63	-2485.47	-2173.86	-2165.24	16.0326
82 	6940.1 	-2338.07	-2172.03	-2161.38	12.7962
83 	6942.81	-2487.47	-2170.63	-2159.86	18.4819
84 	6946.39	-2300.94	-2168.24	-2159.16	10.117 
85 	6949.94	-2437.49	-2167.42	-2158.12	14.8879
86 	6953.73	-2717   	-2168.32	-2157.44	34.0274
87 	6957.54	-2332.19	-2163.99	-2156.79	11.0045
88 	6961.1 	-2502.24	-2163.51	-2155.82	22.7953
89 	6964.66	-2280.1 	-2160.94	-2154.3 	8.4231 
90 	6967.73	-2356.4 	-2160.65	-2154.3 	13.7498
91 	6970.35	-2376.35	-2158.98	-2153.25	11.4458
92 	6972.88	-2462.16	-2159.71	-2152.52	19.5518
93 	6975.41	-2364.72	-2157.48	-2150.65	14.7776
94 	6978.14	-2926.61	-2159.3 	-2150.02	44.6209
95 	6980.97	-2302.29	-2154.88	-2148.43	9.74363
96 	6983.56	-2228.48	-2153.87	-2147.96	7.76462
97 	6986.29	-2294.61	-2152.85	-2146.85	10.5054
98 	6989.11	-2258.08	-2151.58	-2145.22	8.43119
99 	6991.74	-2397.5 	-2150.69	-2143.84	13.1796
