gen	time   	min     	avg     	max     	std    
0  	5.77251	-5539.04	-3360.35	-2631.31	416.732
1  	8.21791	-4326.26	-3052.75	-2605.07	227.734
2  	10.7179	-3442.81	-2878.77	-2541   	130.085
3  	13.2915	-3618.52	-2783.24	-2537.27	107.105
4  	15.7079	-3791.25	-2715.11	-2537.27	96.1578
5  	18.0621	-3274.94	-2654.49	-2508.62	68.6545
6  	20.4404	-7962.43	-2619.46	-2480.24	247.022
7  	22.8926	-3630.12	-2572.65	-2435.92	74.0556
8  	25.1517	-3264.28	-2536.2 	-2422.28	48.9865
9  	27.5278	-2963.55	-2508.85	-2417.93	40.4129
10 	29.7832	-2997.78	-2485.28	-2417.79	42.3456
11 	32.0536	-2908.23	-2460.97	-2396.56	34.1167
12 	34.4078	-3192.08	-2444.21	-2368   	52.9991
13 	36.7667	-2665.07	-2425.21	-2368   	24.1127
14 	39.1642	-3031.7 	-2415.38	-2354.63	45.9425
15 	41.5175	-3222.72	-2400.5 	-2343.26	50.1366
16 	43.846 	-2932.88	-2385.76	-2327.43	36.468 
17 	46.1655	-2600.85	-2371.42	-2323.13	25.1532
18 	48.4931	-2655.57	-2359.28	-2296.1 	26.332 
19 	50.8636	-2529.21	-2345.64	-2291.61	20.101 
20 	53.1642	-2807.8 	-2334.4 	-2290.07	28.5159
21 	55.4935	-2548.01	-2322.43	-2285.56	20.9715
22 	57.7553	-2445.35	-2310.31	-2274.98	16.7921
23 	60.1408	-2493.2 	-2300.57	-2268.64	18.2891
24 	62.3661	-2519.73	-2291.81	-2262.29	20.3973
25 	64.736 	-3527.79	-2287.77	-2261.54	61.9022
26 	67.0192	-2406.98	-2276.35	-2256.37	11.8745
27 	69.3959	-2987.98	-2273.47	-2252.9 	35.2044
28 	71.6978	-2407.17	-2266.9 	-2248.37	13.0099
29 	73.9529	-2810.05	-2264.55	-2240.55	32.7585
30 	76.2493	-2633.74	-2258.48	-2236.96	20.6863
31 	78.6256	-2443.36	-2254.02	-2230.8 	17.2753
32 	80.9803	-2379.18	-2249.06	-2226.55	14.4065
33 	83.3154	-2621.84	-2245.8 	-2222.79	28.9151
34 	85.6049	-2588.65	-2240.9 	-2219.49	26.9557
35 	87.8839	-2452.7 	-2234.29	-2219.11	15.4436
36 	90.1803	-2618.71	-2232.91	-2218.08	30.7324
37 	92.4708	-3038   	-2232.23	-2214.01	48.653 
38 	94.8667	-2448.41	-2224.81	-2208.71	16.5961
39 	97.2409	-2517.61	-2222.91	-2203.95	18.7185
40 	99.6102	-3201.24	-2221.58	-2202.22	47.0156
41 	101.958	-2368.33	-2214.82	-2200.22	9.55781
42 	104.293	-2354.86	-2212.42	-2195.53	11.5402
43 	106.598	-2654.53	-2211.15	-2192.54	24.9554
44 	108.895	-2540.15	-2208.71	-2189.44	23.8578
45 	111.212	-2579.23	-2204.98	-2186.72	22.5124
46 	113.563	-3036.06	-2202.84	-2184.41	44.201 
47 	116.015	-2425.42	-2197.68	-2179.71	19.6752
48 	118.204	-2538.44	-2193.87	-2179.71	20.9262
49 	120.571	-2317.1 	-2190.03	-2179.01	10.0936
50 	122.886	-2528.25	-2190.58	-2178.12	27.4042
51 	125.214	-2363.29	-2185.78	-2175.46	11.8493
52 	127.544	-2527.75	-2183.89	-2175.46	18.8599
53 	129.885	-2499.77	-2183.59	-2174.19	25.1964
54 	132.216	-2395.73	-2180.97	-2173.13	15.7345
55 	134.482	-2319.6 	-2179.81	-2169.3 	13.2446
56 	136.787	-2492.28	-2178.73	-2169.3 	18.683 
57 	139.14 	-2776.8 	-2178.13	-2168.9 	30.5766
58 	141.476	-2271.91	-2174.61	-2164.78	7.86907
59 	143.792	-2375.18	-2174.93	-2163.73	16.0308
60 	146.029	-2342   	-2172.34	-2163.73	11.414 
61 	148.202	-2244.55	-2170.14	-2163.54	6.38893
62 	150.539	-2341.47	-2169.61	-2160.8 	12.5362
63 	152.822	-2392.66	-2168.35	-2160.71	14.0794
64 	155.011	-2341.14	-2167.09	-2158.64	14.6868
65 	157.277	-2263.75	-2165.08	-2158.36	8.00959
66 	159.606	-4060.39	-2170.72	-2157.71	100.22 
67 	161.891	-2248.12	-2162.58	-2155.84	8.20705
68 	164.21 	-2293.85	-2161.66	-2154.67	10.4161
69 	166.578	-2832.94	-2163.6 	-2152.3 	42.6429
70 	168.938	-2440.5 	-2159.87	-2149   	15.4328
71 	171.206	-3131.06	-2160.38	-2149   	46.4686
72 	173.495	-2506.8 	-2157.4 	-2147.6 	20.9317
73 	175.71 	-2281.99	-2155.21	-2147.6 	10.1725
74 	178.042	-2259.43	-2153.18	-2146.47	8.63452
75 	180.322	-2282.29	-2151.83	-2145.38	10.1861
76 	182.667	-3083.23	-2154.16	-2144.76	56.3816
77 	184.961	-2210.89	-2148.68	-2142.31	5.87999
78 	187.299	-2420.89	-2149.34	-2142.31	16.9927
79 	189.672	-2241.91	-2147.02	-2141.63	7.35296
80 	191.999	-2550.86	-2147.09	-2140.79	19.2173
81 	194.285	-2248.96	-2145.48	-2138.71	7.97423
82 	196.62 	-2282.58	-2144.45	-2138.71	8.78891
83 	198.912	-2452.39	-2144.82	-2138.4 	19.9011
84 	201.172	-2632.73	-2143.35	-2138.01	22.9097
85 	203.378	-2169.89	-2140.82	-2136.56	3.13305
86 	205.757	-2592.67	-2142.55	-2136.46	23.4773
87 	208.073	-2189.55	-2139.83	-2134.93	5.28404
88 	210.37 	-2242.04	-2138.86	-2133.89	6.2569 
89 	212.732	-2313.34	-2139.47	-2133.26	11.9707
90 	215.043	-2232.55	-2138.01	-2133.06	7.94516
91 	217.424	-2702.2 	-2139.31	-2132.26	30.1661
92 	219.754	-2176.16	-2135.75	-2131.77	3.64425
93 	222.017	-2541.49	-2136.72	-2131.1 	23.4294
94 	224.358	-2519.32	-2135.9 	-2130.66	20.4911
95 	226.703	-2301.08	-2134.88	-2130.37	12.0458
96 	229.073	-2299.5 	-2134.26	-2129.64	12.807 
97 	231.321	-2219.36	-2132.21	-2128.37	5.29875
98 	233.619	-2341.14	-2133.06	-2127.77	15.5299
99 	235.95 	-2293.6 	-2132.19	-2126.66	12.6572
0  	241.391	-5281.94	-3499.73	-2725.7 	415.324
1  	243.806	-5872.99	-3181.91	-2691.29	244.721
2  	246.273	-4525.97	-3014.82	-2691.29	161.895
3  	248.657	-3764.13	-2901.55	-2623.38	111.948
4  	250.983	-4434   	-2829.49	-2607.25	123.834
5  	253.399	-4387.49	-2771.14	-2547.58	117.136
6  	255.747	-3454.24	-2710.3 	-2547.58	70.805 
7  	258.176	-2976.24	-2666.88	-2539.88	54.7714
8  	260.548	-4311.88	-2633.99	-2527.58	90.335 
9  	262.873	-2827.9 	-2594.84	-2473.41	41.135 
10 	265.24 	-2938.81	-2567.42	-2473.41	41.4816
11 	267.56 	-2839.29	-2546.4 	-2453.96	44.0626
12 	269.821	-2971.82	-2521.19	-2446.77	35.1682
13 	272.163	-2834.18	-2502.79	-2429.71	36.4307
14 	274.601	-2757.94	-2482.99	-2401.97	28.9833
15 	276.992	-2594.73	-2467.4 	-2400.1 	22.1645
16 	279.255	-2781.09	-2454.49	-2397   	33.0098
17 	281.522	-3482.94	-2444.33	-2381.4 	58.9472
18 	283.869	-2860.86	-2428.09	-2371.43	30.1864
19 	286.23 	-2600.27	-2413.91	-2356.71	22.0551
20 	288.581	-3420.32	-2404.22	-2355.51	51.8745
21 	290.827	-2924.32	-2392.91	-2338.33	39.417 
22 	293.171	-2973.65	-2380.54	-2332.26	39.4725
23 	295.48 	-3076.07	-2371.97	-2322.57	48.3634
24 	297.829	-4672.75	-2362.83	-2311.02	108.34 
25 	300.184	-5698.56	-2361.2 	-2304.75	199.728
26 	302.54 	-5169.34	-2349.07	-2298.63	142.032
27 	304.932	-2578.48	-2328.21	-2296.69	21.4165
28 	307.234	-2727.23	-2321.98	-2289.24	33.623 
29 	309.587	-2604.91	-2312.86	-2285.81	20.2035
30 	312.016	-2676.15	-2308.98	-2280.55	33.1113
31 	314.369	-2391.37	-2298.68	-2273.06	11.0678
32 	316.682	-2679.04	-2296.08	-2267.27	30.1902
33 	318.997	-2544.98	-2289.07	-2265.24	16.4437
34 	321.289	-3571.27	-2289.19	-2260.73	80.1728
35 	323.703	-2718.87	-2281.97	-2256.98	35.8522
36 	326.002	-2405.18	-2273.6 	-2251.33	12.4106
37 	328.337	-2565.43	-2269.01	-2250.94	18.9601
38 	330.695	-2401.38	-2264.84	-2243.09	14.3498
39 	333.042	-4967.86	-2266.13	-2234.04	121.946
40 	335.382	-2541.64	-2257.26	-2234.04	20.8967
41 	337.73 	-2501.52	-2252.2 	-2228.89	23.526 
42 	340.013	-2396.89	-2246.73	-2225.97	15.0687
43 	342.381	-2392.24	-2241.66	-2224.04	13.4073
44 	344.653	-2389.1 	-2236.98	-2219.32	13.1005
45 	346.933	-2480.1 	-2233.78	-2218.92	18.8514
46 	349.216	-2339.35	-2229.58	-2215.95	11.6756
47 	351.548	-2337.96	-2226.27	-2211.04	11.2191
48 	353.895	-2746.3 	-2226.22	-2211.04	30.0776
49 	356.242	-2334.84	-2220.73	-2207.59	11.2909
50 	358.528	-2338.31	-2218.15	-2205.24	10.3867
51 	360.824	-4580.65	-2221.07	-2203.09	107.002
52 	363.203	-2463.11	-2214.27	-2200.1 	19.4466
53 	365.441	-2364.89	-2210.72	-2197.06	14.2539
54 	367.855	-2439.2 	-2207.95	-2191.02	18.1814
55 	370.163	-2565.85	-2204.96	-2191.02	20.1184
56 	372.543	-2479.09	-2204.21	-2187.7 	27.9523
57 	375.128	-3124.63	-2202.58	-2186.55	53.896 
58 	377.438	-2495.53	-2196.59	-2184.47	18.2261
59 	379.766	-2392.85	-2194.51	-2182.95	16.3358
60 	382.082	-2359.1 	-2191.42	-2182.29	12.296 
61 	384.4  	-2462.54	-2190.42	-2179.73	18.1029
62 	386.653	-2329.45	-2187.91	-2177.13	11.1022
63 	388.989	-2362.76	-2187.59	-2176.48	15.8983
64 	391.384	-2290.35	-2185.48	-2173.88	10.6472
65 	393.681	-2358.52	-2184.07	-2173.88	11.9905
66 	395.981	-2604.43	-2185.58	-2173.88	30.7417
67 	398.332	-2347.3 	-2181.55	-2173.4 	13.7674
68 	400.668	-2384.42	-2179.72	-2172.13	14.8997
69 	402.949	-2957.23	-2180.38	-2171.78	44.1461
70 	405.333	-2587.37	-2177.25	-2170.99	25.7821
71 	407.664	-2403.22	-2176.45	-2170.1 	16.8337
72 	410.003	-2300.24	-2174.21	-2168.76	8.21755
73 	412.311	-2228.04	-2173.4 	-2167.96	6.30771
74 	414.567	-2320.37	-2173.62	-2167.26	11.8339
75 	416.869	-2423.3 	-2172.93	-2166.44	16.661 
76 	419.226	-2593.85	-2172.35	-2165.47	23.1554
77 	421.467	-2482.5 	-2172.19	-2162.64	20.4537
78 	423.823	-2484.64	-2170.82	-2162.12	22.669 
79 	426.132	-2972.02	-2170.51	-2160.04	44.3164
80 	428.411	-2366.96	-2167.57	-2160.04	13.4483
81 	430.715	-2827.39	-2167.69	-2158.17	32.5782
82 	432.95 	-2324.32	-2164.31	-2157.82	9.9264 
83 	435.29 	-2368.41	-2163.93	-2156.98	14.9416
84 	437.582	-2468.11	-2162.72	-2155   	17.426 
85 	439.854	-2261.3 	-2161.22	-2155   	10.1622
86 	442.223	-2726.84	-2162.92	-2154.3 	32.6527
87 	444.604	-2284.33	-2159.09	-2153.53	10.871 
88 	446.992	-2378.62	-2159.15	-2151.2 	14.6488
89 	449.35 	-2217.77	-2156.55	-2151.2 	7.16635
90 	451.666	-2384.28	-2156.93	-2150.43	17.9816
91 	454.062	-2437.39	-2156.53	-2148.91	19.2318
92 	456.638	-2260.41	-2154.56	-2146.61	9.82762
93 	458.943	-2298.43	-2153.84	-2146.61	11.1997
94 	461.231	-2245.6 	-2152.12	-2145.58	8.33855
95 	463.555	-2345.47	-2152.27	-2145.58	14.5355
96 	466.007	-2244.19	-2151.03	-2144.81	9.44465
97 	468.377	-2470.12	-2150.27	-2143.66	16.5261
98 	470.688	-3533.06	-2153.75	-2142.89	69.4829
99 	472.983	-2362.15	-2148.75	-2142.41	14.7762
0  	478.3  	-5961.16	-3289.57	-2579.43	438.922
1  	480.696	-3661.6 	-2968.01	-2564.45	195.093
2  	483.077	-5061.9 	-2819.9 	-2530.48	166.469
3  	485.415	-3446.41	-2706.49	-2495.29	107.426
4  	487.737	-2999.63	-2629.06	-2461.89	76.1424
5  	490.125	-3178.42	-2579.72	-2456.74	76.6433
6  	492.414	-3331.12	-2539.21	-2436.86	73.0872
7  	494.762	-3499.94	-2509.73	-2410.52	70.5888
8  	497.058	-4420.45	-2488.3 	-2388.16	95.14  
9  	499.438	-3441.61	-2464.61	-2383.97	57.2632
10 	501.809	-2974.02	-2442.96	-2359.58	47.1214
11 	504.109	-2777.29	-2420.2 	-2359.37	34.0711
12 	506.49 	-3241.8 	-2401.8 	-2344.81	44.3626
13 	508.822	-2799.73	-2388.16	-2318.12	45.4565
14 	511.059	-2788.69	-2370.28	-2314.51	33.4735
15 	513.419	-2836.43	-2357.23	-2295.59	33.9321
16 	515.736	-3047.05	-2345.61	-2277.61	44.5145
17 	518.095	-2619.95	-2330.48	-2277.61	25.4004
18 	520.304	-2850.85	-2319.81	-2271.17	34.9745
19 	522.65 	-3304.27	-2309.79	-2266.67	57.6019
20 	524.981	-2782.91	-2296.54	-2243.59	29.7   
21 	527.272	-2649.39	-2287.1 	-2232.43	27.5661
22 	529.649	-2427.85	-2276.88	-2232.43	17.0649
23 	532.058	-2348   	-2267.65	-2226.38	12.2133
24 	534.44 	-2845.54	-2263.12	-2223.56	40.3988
25 	536.785	-2487.96	-2250.48	-2223.56	18.1318
26 	539.017	-3100.12	-2244.72	-2218.96	42.2598
27 	541.258	-2368.5 	-2235.79	-2218.02	12.8382
28 	543.586	-2465.2 	-2231.58	-2217.41	19.3324
29 	545.891	-2836.83	-2228.58	-2214.41	30.1886
30 	548.223	-2417.64	-2225.61	-2212.42	18.202 
31 	550.534	-2407.98	-2221.8 	-2209.37	13.3646
32 	552.939	-2453.95	-2219.31	-2207.85	16.3363
33 	555.225	-2397.84	-2218.05	-2204.87	17.5784
34 	557.538	-2994.88	-2216.59	-2201.76	36.7588
35 	559.864	-3636.55	-2216.41	-2199.92	65.9707
36 	562.176	-2437.75	-2210.71	-2197.53	18.483 
37 	564.522	-2398.03	-2207.25	-2189.57	14.2175
38 	566.901	-2270.59	-2203.48	-2184.64	8.1126 
39 	569.214	-2444.68	-2201.4 	-2184.64	16.665 
40 	571.473	-2330.26	-2198.44	-2182.94	14.017 
41 	573.755	-2478.05	-2196.07	-2181.37	22.0613
42 	575.996	-2363.77	-2191.11	-2178.67	12.009 
43 	578.319	-2727.82	-2189.49	-2178.67	29.333 
44 	580.604	-2324.73	-2185.59	-2176.97	9.46531
45 	582.945	-2379.54	-2184.07	-2176.84	11.3734
46 	585.316	-2328.46	-2183.08	-2175.67	11.3473
47 	587.685	-3764.62	-2185.33	-2172.62	73.9635
48 	590.075	-2881.49	-2183.02	-2172.62	41.7547
49 	592.43 	-2319.76	-2179.7 	-2171.96	13.0619
50 	594.688	-2229.74	-2177.25	-2171.31	6.25683
51 	596.991	-2482.11	-2177.19	-2168.4 	17.7002
52 	599.261	-2508.86	-2175.87	-2166.62	18.0586
53 	601.564	-2349.42	-2174.65	-2165.65	14.9062
54 	603.872	-2228.84	-2171.68	-2162.13	5.79445
55 	606.293	-2366.91	-2171.16	-2161.56	12.6663
56 	608.567	-2796.73	-2172.02	-2160.86	34.0311
57 	610.948	-2327.94	-2167.91	-2160.32	10.5496
58 	613.304	-2615.94	-2167.42	-2159.04	24.6153
59 	615.543	-2432.98	-2166.19	-2157.66	19.9104
60 	617.838	-2551.31	-2163.77	-2155.26	19.5312
61 	620.137	-2262.8 	-2162.13	-2155.26	9.83656
62 	622.391	-2465.71	-2162.12	-2154.86	16.5848
63 	624.688	-2403.87	-2161.14	-2153.69	16.5714
64 	626.986	-2275.83	-2158.87	-2152.17	7.82949
65 	629.346	-2319.22	-2158.48	-2149.55	12.2739
66 	631.561	-2265.58	-2157.23	-2149.55	8.62949
67 	633.888	-2334.96	-2155.91	-2149.55	9.29446
68 	636.223	-2264.45	-2155.18	-2147.85	9.68076
69 	638.505	-2228.46	-2153.82	-2147.45	7.08105
70 	640.862	-2423.77	-2153.37	-2145.75	14.345 
71 	643.17 	-2226.81	-2152   	-2145.3 	8.99632
72 	645.439	-2216.44	-2150.53	-2144.3 	7.19186
73 	647.788	-2301.44	-2149.15	-2143.03	8.69046
74 	650.099	-2293.6 	-2148.6 	-2141.76	11.5057
75 	652.464	-2513.6 	-2148.58	-2139.23	20.5686
76 	654.762	-2265.2 	-2146.15	-2139.23	10.4299
77 	657.099	-2249   	-2144.7 	-2138.29	8.94627
78 	659.469	-2491.92	-2144.59	-2136.24	20.7015
79 	661.817	-2274.65	-2143.05	-2135.59	12.7443
80 	664.16 	-2317.85	-2141.95	-2134.58	14.6902
81 	666.525	-2401.34	-2140.49	-2133.05	16.4835
82 	668.815	-2329.43	-2139.78	-2132.97	14.8394
83 	671.125	-2272.68	-2137.91	-2132.23	9.56432
84 	673.428	-2195.54	-2136.26	-2132.23	5.1576 
85 	675.817	-2203.96	-2135.69	-2131.45	6.81595
86 	6378.29	-2243.18	-2135.14	-2130.3 	10.2535
87 	6380.71	-2197.59	-2133.44	-2129.02	4.99487
88 	6383.22	-2228.69	-2133.06	-2129.02	6.57278
89 	6385.96	-2245.24	-2133.36	-2128.58	10.0444
90 	6388.69	-2209.14	-2132.05	-2127.85	7.33342
91 	6391.38	-2267.82	-2131.99	-2127.28	11.5864
92 	6395.28	-2800.24	-2132.35	-2125.94	34.3063
93 	6398.4 	-2171.87	-2129.47	-2125.54	4.40048
94 	6401.12	-2419.48	-2130.15	-2125.37	17.7784
95 	6403.94	-2388.7 	-2129.14	-2122.31	14.332 
96 	6406.56	-2386.89	-2128.81	-2122.31	16.6382
97 	6409.29	-2319.71	-2127.64	-2122.31	14.0946
98 	6411.89	-2210.6 	-2125.97	-2121.09	7.2162 
99 	6414.64	-2284.69	-2125.6 	-2118.91	11.8559
0  	6420.9 	-7142.65	-3540.21	-2631.29	597.977
1  	6423.65	-4085.42	-3131.44	-2622.58	278.817
2  	6426.36	-3891.2 	-2907.98	-2584.6 	173.589
3  	6428.97	-3649.86	-2775.19	-2562.06	112.573
4  	6431.57	-3696.42	-2696.44	-2559.38	81.8302
5  	6434.82	-3225.1 	-2647.3 	-2506.04	66.6084
6  	6438.21	-3005.89	-2612.03	-2506.04	45.0056
7  	6441.3 	-2856.87	-2587.46	-2503.44	35.3549
8  	6444.41	-3018.17	-2569.41	-2433.89	45.67  
9  	6447.67	-3335.17	-2551.77	-2433.89	64.4868
10 	6450.6 	-2841.78	-2524.85	-2433.89	32.9094
11 	6453.22	-2779.94	-2507.46	-2400.83	37.0857
12 	6456.07	-2775.9 	-2487.87	-2391.64	36.0203
13 	6458.64	-2993.24	-2467.5 	-2385.09	39.8237
14 	6461.18	-3063.06	-2449.2 	-2369.15	55.0618
15 	6464.05	-2773.91	-2425.05	-2345.45	32.5952
16 	6466.65	-3607.44	-2407.74	-2338.23	58.6568
17 	6469.17	-2636.98	-2392.43	-2328.24	31.0458
18 	6471.77	-2683.44	-2378.31	-2317.1 	34.1256
19 	6474.33	-2862.81	-2364.93	-2302.95	32.0145
20 	6477.05	-3066.9 	-2353.17	-2302.95	41.7412
21 	6479.71	-2944.47	-2338.44	-2292.67	34.544 
22 	6482.37	-2608.57	-2328.71	-2286.32	28.045 
23 	6485.08	-2412.04	-2315.45	-2285.1 	13.2443
24 	6487.56	-2671.44	-2310.1 	-2275.95	32.161 
25 	6490.22	-2787.07	-2302.34	-2268.6 	31.7934
26 	6492.76	-3367.33	-2295.62	-2267.11	56.7897
27 	6495.8 	-2594.97	-2289.24	-2260.19	30.0604
28 	6498.4 	-2564.74	-2280.99	-2253.69	19.4453
29 	6501.01	-2628.82	-2276.09	-2252.17	23.2059
30 	6503.97	-2394.45	-2269   	-2239.63	13.5012
31 	6506.61	-2688.83	-2265.29	-2239.63	25.4149
32 	6509.14	-3451.89	-2261.07	-2235.23	55.7037
33 	6511.76	-2504.29	-2254.88	-2231.33	19.5851
34 	6514.49	-2374.23	-2249.07	-2231.33	12.5824
35 	6517.13	-2490.65	-2244.91	-2225.18	15.5566
36 	6519.9 	-2504.31	-2243.33	-2217.18	27.5683
37 	6522.44	-2690.94	-2238.8 	-2214.78	29.3391
38 	6525.1 	-2509.37	-2232.61	-2211.01	19.372 
39 	6528.37	-2386.79	-2228.07	-2207.77	13.7937
40 	6530.97	-2607.63	-2228.1 	-2207.77	34.047 
41 	6533.53	-2478.63	-2222   	-2203.4 	18.9036
42 	6536.11	-2484.55	-2217.25	-2203.4 	15.0419
43 	6538.66	-2309.46	-2214.27	-2201.68	10.7443
44 	6541.33	-2398.79	-2211.63	-2201.68	14.8302
45 	6544.74	-2694.54	-2210.22	-2199.4 	24.3736
46 	6547.48	-2552.91	-2208.34	-2197.91	23.9748
47 	6550.2 	-2313.85	-2205.02	-2193.7 	9.392  
48 	6552.91	-2451.35	-2203.65	-2190.51	15.9041
49 	6555.62	-2447.52	-2201.55	-2190.51	14.3482
50 	6558.37	-2875.92	-2202.66	-2187.39	39.2977
51 	6561.12	-2477.41	-2198.85	-2186.69	18.7097
52 	6563.76	-2540.32	-2196.51	-2186.07	21.0908
53 	6566.34	-3341.22	-2197.12	-2182.7 	55.4155
54 	6568.99	-2385.03	-2193.01	-2182.58	17.0304
55 	6571.68	-2547.65	-2192.12	-2180   	25.119 
56 	6574.41	-2975.47	-2190.49	-2177.69	40.4083
57 	6576.96	-2926.67	-2188.58	-2175.71	42.7092
58 	6579.71	-2643.49	-2185.51	-2173.91	26.7422
59 	6582.39	-2355.88	-2183.21	-2173.35	12.8448
60 	6584.88	-2318.92	-2181.72	-2172.27	14.8356
61 	6587.57	-2628.74	-2182.01	-2171.06	30.6028
62 	6590.25	-2265.91	-2177.12	-2170.25	8.68203
63 	6592.88	-2271.72	-2175.85	-2163.21	10.3029
64 	6595.49	-2562.57	-2178.85	-2162.51	36.3397
65 	6598.16	-2313.05	-2173.84	-2161.69	13.1171
66 	6601.25	-2402.65	-2172.64	-2161.69	17.53  
67 	6604.37	-2236.72	-2169.35	-2160.25	7.25786
68 	6607.26	-2318.14	-2168.03	-2159.94	11.7536
69 	6610.11	-2234.96	-2166.08	-2159.55	8.8135 
70 	6613.16	-2234.74	-2163.78	-2158.89	7.2598 
71 	6616.23	-2412.99	-2163.38	-2158.03	14.53  
72 	6619.02	-2327.89	-2162.63	-2155.05	14.5684
73 	6621.89	-2633.93	-2162.95	-2155.05	25.2881
74 	6625.2 	-2959.25	-2162.76	-2154.68	38.6225
75 	6628.19	-2375.24	-2160.5 	-2153.68	16.3666
76 	6631.17	-2455.02	-2159.37	-2152.16	18.4003
77 	6634.1 	-2482.77	-2158.42	-2152.16	19.5791
78 	6636.92	-2360.29	-2157.35	-2150.44	15.0954
79 	6639.44	-2254.87	-2154.89	-2148.92	7.13408
80 	6642.15	-2572.62	-2154.8 	-2147.44	19.7706
81 	6644.76	-2256.39	-2153.19	-2146.51	9.50033
82 	6647.37	-2219.6 	-2151.61	-2146   	6.65315
83 	6650.05	-2249.87	-2151.21	-2145.41	8.90507
84 	6653.13	-2456.42	-2150.16	-2144.22	16.2629
85 	6656.76	-3334.13	-2150.78	-2143.59	53.2663
86 	6660.03	-2239.52	-2147.71	-2143.12	7.62793
87 	6663.37	-2247.2 	-2147.16	-2142.07	7.83378
88 	6666.74	-2316.17	-2145.96	-2141.6 	9.82616
89 	6670.09	-2250.65	-2145.59	-2141.11	9.58754
90 	6673.46	-2282   	-2145.43	-2138.45	10.6892
91 	6676.74	-2369.11	-2144.27	-2138.45	12.3558
92 	6679.95	-2823.08	-2146.02	-2137.75	34.9633
93 	6683.34	-2275.29	-2142.88	-2137.41	9.7211 
94 	6686.56	-2289.71	-2143.18	-2136.04	13.7784
95 	6689.73	-2434.77	-2141.71	-2135.41	16.4399
96 	6693.17	-2282.04	-2140.78	-2134.68	12.3481
97 	6696.74	-2223.03	-2138.99	-2134.68	7.23757
98 	6700.37	-2538.49	-2140.6 	-2133.64	25.3453
99 	6703.56	-2220.33	-2137.75	-2133.24	7.53149
0  	6710.81	-5430.13	-3415.37	-2754.9 	428.182
1  	6713.71	-3862.85	-3119.33	-2597.8 	207.718
2  	6716.35	-4417.64	-2954.59	-2597.8 	158.857
3  	6719.03	-3171.1 	-2842.58	-2512.35	109.441
4  	6721.99	-3360.17	-2751.9 	-2484.29	94.7149
5  	6724.85	-3398.46	-2683.36	-2479.23	94.7389
6  	6727.46	-2941.32	-2617.64	-2438.58	62.6377
7  	6730.63	-2932.44	-2571.61	-2437.82	58.0438
8  	6733.78	-2693.32	-2528.53	-2399.29	41.573 
9  	6736.6 	-2722.07	-2498.86	-2379.36	40.7901
10 	6739.54	-4873.12	-2479.55	-2364.76	119.187
11 	6742.5 	-2609.55	-2447.28	-2364.76	28.3572
12 	6745.22	-3594.15	-2434.16	-2364.06	72.2179
13 	6748.04	-3883.99	-2410.72	-2363.87	70.4462
14 	6750.84	-2721.71	-2394.37	-2358.26	31.4953
15 	6753.49	-2531.4 	-2380.63	-2345.74	19.1801
16 	6756.15	-2648.95	-2372.24	-2342.16	21.8643
17 	6758.87	-3136.46	-2371.21	-2339.99	54.4885
18 	6761.51	-3157.17	-2360.8 	-2336.84	37.4618
19 	6764.21	-3197.53	-2356.19	-2331.33	42.3218
20 	6766.87	-2719.17	-2348.82	-2321.66	26.498 
21 	6769.62	-2717.79	-2344.85	-2309.84	30.8588
22 	6772.37	-3251.14	-2342.67	-2309.84	61.6141
23 	6775.13	-2808.87	-2334.89	-2306.37	32.1589
24 	6777.95	-2457.14	-2326.02	-2302.92	14.2376
25 	6780.71	-2465.1 	-2321.06	-2302.05	15.5061
26 	6783.42	-3570.86	-2318.35	-2302   	57.6254
27 	6786.24	-2639.22	-2314.35	-2299.46	23.623 
28 	6788.91	-3126.74	-2312.15	-2290.03	44.4206
29 	6791.53	-2632.18	-2307.89	-2290.03	22.5005
30 	6794.31	-2957.72	-2306.46	-2290.03	35.6912
31 	6797.32	-2610.5 	-2303.05	-2287.92	24.9201
32 	6800.08	-3184.99	-2301.74	-2284.08	44.4568
33 	6803.13	-2554.74	-2296.33	-2282.73	21.8565
34 	6805.86	-2676.83	-2296.66	-2275.68	38.4695
35 	6808.43	-2664.22	-2290.09	-2271.45	23.3582
36 	6811.37	-2480.36	-2287.7 	-2271.45	21.2131
37 	6814.22	-2533.6 	-2283.57	-2268.65	16.2459
38 	6817.44	-2721.91	-2281.76	-2264.73	31.483 
39 	6820.5 	-3102.74	-2280.03	-2263.09	47.2673
40 	6823.11	-2340.01	-2272.63	-2258.56	7.44596
41 	6825.81	-2424.11	-2270.14	-2252.03	12.8551
42 	6828.35	-2525.66	-2268.4 	-2250.23	22.3136
43 	6831.11	-2392.13	-2263.72	-2245.78	13.3462
44 	6833.99	-2400.83	-2259.43	-2242.17	13.3564
45 	6836.88	-2547.85	-2258.51	-2239.97	27.5022
46 	6839.48	-2339.56	-2252.56	-2235.08	9.11689
47 	6842.45	-2722.44	-2250.47	-2234.34	24.3006
48 	6845.07	-3759.67	-2250.32	-2232.83	69.1813
49 	6847.73	-2668.21	-2244.49	-2232.62	22.8959
50 	6850.59	-2841.2 	-2243.2 	-2228.15	36.3207
51 	6853.26	-2509.14	-2238.81	-2223.11	20.6025
52 	6856.03	-2403.92	-2234.63	-2222.61	12.3821
53 	6858.61	-3101.1 	-2235.87	-2221.76	53.3076
54 	6861.33	-3266.71	-2232.86	-2213.84	50.5193
55 	6864.18	-2346.2 	-2227.49	-2213.84	11.6409
56 	6866.75	-2633   	-2226.61	-2209.45	26.519 
57 	6869.37	-2414.07	-2223.33	-2207.35	15.778 
58 	6872.16	-2464.81	-2220   	-2206.43	17.1924
59 	6875.04	-12528.5	-2240.38	-2205.1 	465.036
60 	6877.86	-2531.76	-2214.35	-2204.08	21.261 
61 	6880.61	-2499.19	-2211.84	-2200.92	16.4474
62 	6883.29	-2684.88	-2210.37	-2198.72	24.7742
63 	6886.89	-2423.84	-2207.57	-2196.2 	15.152 
64 	6889.78	-2385.67	-2206.43	-2195.5 	15.4647
65 	6892.49	-2334.13	-2202.85	-2193.8 	9.86034
66 	6895.48	-2453.46	-2202.65	-2191.93	19.3806
67 	6898.56	-2396.57	-2200.21	-2191.65	15.3348
68 	6901.57	-2567.84	-2199.42	-2188.78	22.0282
69 	6904.31	-2482.37	-2196.96	-2187.38	18.3432
70 	6907.29	-2595.42	-2196.4 	-2185.68	24.1594
71 	6909.89	-2389.48	-2192.59	-2182.2 	11.3554
72 	6912.67	-2280.58	-2190.88	-2180.32	9.10367
73 	6915.43	-2437.85	-2190.62	-2179.83	17.901 
74 	6918.37	-2394.86	-2188.11	-2178.35	12.7476
75 	6921.19	-2265.54	-2185   	-2176.1 	7.1842 
76 	6924.16	-2321.01	-2183.39	-2172.08	10.0104
77 	6927.3 	-2530.27	-2183.04	-2170.7 	22.7421
78 	6930.02	-2696.86	-2180.66	-2167.46	24.575 
79 	6932.62	-5590.44	-2184.68	-2166.76	152.771
80 	6935.21	-3100.27	-2178.81	-2166.75	45.8262
81 	6937.63	-2485.47	-2173.86	-2165.24	16.0326
82 	6940.1 	-2338.07	-2172.03	-2161.38	12.7962
83 	6942.81	-2487.47	-2170.63	-2159.86	18.4819
84 	6946.39	-2300.94	-2168.24	-2159.16	10.117 
85 	6949.94	-2437.49	-2167.42	-2158.12	14.8879
86 	6953.73	-2717   	-2168.32	-2157.44	34.0274
87 	6957.54	-2332.19	-2163.99	-2156.79	11.0045
88 	6961.1 	-2502.24	-2163.51	-2155.82	22.7953
89 	6964.66	-2280.1 	-2160.94	-2154.3 	8.4231 
90 	6967.73	-2356.4 	-2160.65	-2154.3 	13.7498
91 	6970.35	-2376.35	-2158.98	-2153.25	11.4458
92 	6972.88	-2462.16	-2159.71	-2152.52	19.5518
93 	6975.41	-2364.72	-2157.48	-2150.65	14.7776
94 	6978.14	-2926.61	-2159.3 	-2150.02	44.6209
95 	6980.97	-2302.29	-2154.88	-2148.43	9.74363
96 	6983.56	-2228.48	-2153.87	-2147.96	7.76462
97 	6986.29	-2294.61	-2152.85	-2146.85	10.5054
98 	6989.11	-2258.08	-2151.58	-2145.22	8.43119
99 	6991.74	-2397.5 	-2150.69	-2143.84	13.1796
0  	6999.92	-11195.2	-3956.5 	-3052.2 	673.775
1  	7002.65	-4614.33	-3536.91	-3008.14	265.845
2  	7005.3 	-6370.15	-3354.55	-2953.44	222.27 
3  	7007.99	-4318.42	-3228.86	-2946.5 	141.856
4  	7010.58	-6043.6 	-3144.84	-2849.86	174.791
5  	7013.25	-3361.8 	-3057.07	-2825.99	78.9501
6  	7015.93	-3813.46	-2999.22	-2733.56	92.9423
7  	7018.46	-4002.47	-2937.95	-2727.34	95.702 
8  	7021.02	-4880.46	-2891.39	-2674.66	160.838
9  	7023.7 	-3766.98	-2836.47	-2644.58	93.3441
10 	7026.3 	-3074.82	-2783.26	-2643.8 	57.7776
11 	7030.06	-5813.04	-2751.59	-2594.78	153.896
12 	7033.82	-3509.98	-2706.07	-2573.2 	71.6491
13 	7037.46	-3947.28	-2674.76	-2561.97	76.4269
14 	7041.02	-2864.01	-2641.59	-2525.04	36.2806
15 	7044.63	-2825.45	-2616.22	-2520.8 	34.6303
16 	7048.24	-3577.44	-2598.15	-2510.2 	71.2537
17 	7051.61	-2857   	-2568.61	-2484.91	33.7722
18 	7054.17	-2837.93	-2547.54	-2484.91	32.5784
19 	7056.52	-2870.3 	-2532.51	-2458.46	34.9606
20 	7059.03	-3054.59	-2516.02	-2452.72	36.6006
21 	7062.16	-4331.07	-2506.06	-2446.79	95.4346
22 	7064.79	-3020.93	-2489.04	-2444.25	38.6396
23 	7067.39	-2978.56	-2477.07	-2431.02	37.487 
24 	7069.91	-3077.36	-2466.94	-2427.32	45.2768
25 	7072.48	-2979.04	-2458.5 	-2414.65	44.6974
26 	7075.06	-3042.88	-2449.23	-2414.65	48.6986
27 	7077.61	-2661.85	-2439.3 	-2410.04	25.018 
28 	7080.3 	-3336.35	-2439.21	-2400.79	70.9539
29 	7082.91	-16870.3	-2464.82	-2397.7 	655.59 
30 	7085.61	-3100.97	-2421.37	-2383.85	37.9389
31 	7088.59	-2837.35	-2414.34	-2383.85	33.6698
32 	7091.3 	-4801.19	-2415.3 	-2376.7 	131.716
33 	7094.11	-2585.83	-2398.11	-2376.7 	14.0222
34 	7096.85	-3817.26	-2397.49	-2372.79	66.752 
35 	7099.62	-3105.5 	-2390.49	-2362.9 	37.7665
36 	7102.38	-3820.27	-2387.2 	-2360.3 	66.4603
37 	7104.98	-2524.95	-2378.58	-2355.72	12.6194
38 	7107.62	-2548.01	-2375.16	-2346.09	17.5344
39 	7110.27	-2558.26	-2369.45	-2346.09	14.1657
40 	7113.04	-3645.36	-2368.23	-2343.43	62.8784
41 	7115.93	-2787.9 	-2360.87	-2339.49	29.2362
42 	7118.51	-3485.69	-2356.78	-2337.66	56.8661
43 	7121.2 	-3177.08	-2350.39	-2324.38	39.2937
44 	7124.04	-2898.95	-2347.54	-2320.01	33.0321
45 	7126.88	-2859.4 	-2343   	-2320.01	33.2085
46 	7129.49	-2834.7 	-2337.92	-2315.38	35.3197
47 	7132.27	-2903.3 	-2333.13	-2311.41	30.628 
48 	7134.91	-4962.96	-2336.11	-2299.17	125.634
49 	7137.53	-2532.03	-2322.64	-2298.47	18.9379
50 	7140.11	-2523.31	-2317.69	-2293.3 	18.7418
51 	7142.74	-2634.82	-2312.2 	-2289.45	22.4806
52 	7145.53	-2865.8 	-2309.99	-2287.42	41.2999
53 	7148.44	-2394.76	-2302.06	-2281.27	12.3493
54 	7151.15	-2685.05	-2298.42	-2277.9 	21.8796
55 	7153.84	-2375.17	-2293.85	-2275.13	10.2891
56 	7156.49	-2502.96	-2291   	-2273.47	16.4262
57 	7159.08	-2658.53	-2288.64	-2270.67	24.1459
58 	7161.69	-2434.16	-2283.79	-2268.78	14.6789
59 	7164.23	-2473.44	-2281.43	-2263.66	18.1277
60 	7167.06	-2403.38	-2277.75	-2260.88	14.0302
61 	7169.86	-2915.04	-2277.37	-2254.75	36.9141
62 	7172.52	-2488.63	-2271.69	-2249.37	17.3301
63 	7175.15	-3873.8 	-2271.93	-2248.72	74.7527
64 	7177.87	-2740.78	-2266.49	-2247.52	33.3414
65 	7180.64	-2390.91	-2261.16	-2244.92	13.1063
66 	7183.35	-2595.03	-2257.62	-2242.82	19.9888
67 	7185.98	-2760.08	-2259.04	-2241.3 	49.2107
68 	7189.13	-2537.29	-2252.68	-2241.3 	21.742 
69 	7192.56	-2400.18	-2249.72	-2240.6 	14.9402
70 	7195.43	-2389.76	-2247.43	-2238.97	13.1646
71 	7198.04	-2445.96	-2245.86	-2238.96	13.689 
72 	7200.95	-2719.58	-2246.16	-2237.18	30.0736
73 	7203.61	-2790.43	-2245.26	-2237.18	33.8935
74 	7206.18	-2432.12	-2243.01	-2235.66	16.6862
75 	7209   	-2347.73	-2241.18	-2235.27	11.2004
76 	7211.66	-2502.6 	-2240.09	-2232.09	15.0935
77 	7214.27	-2573.87	-2241.16	-2229.31	25.9283
78 	7216.98	-2501.23	-2238.4 	-2229.31	15.5695
79 	7219.83	-2341.91	-2236.66	-2224.08	8.17532
80 	7223.35	-3281.05	-2243.05	-2224.08	72.9313
81 	7226.76	-2971.73	-2236.72	-2223.6 	42.8277
82 	7230.06	-2421.62	-2232.72	-2222.18	17.0906
83 	7233.39	-2390.81	-2229.89	-2221.98	12.6942
84 	7236.56	-2845.48	-2231.05	-2221.48	37.2924
85 	7239.78	-2435.43	-2227.35	-2219.37	16.0326
86 	7243.02	-2383.08	-2225.81	-2217.27	12.9616
87 	7246.14	-2368.9 	-2225.09	-2217.27	14.0821
88 	7249.59	-2601.4 	-2224.28	-2216.62	20.2031
89 	7252.97	-2387.4 	-2222.68	-2216.57	12.6193
90 	7256.36	-2573.01	-2223.34	-2214.97	27.488 
91 	7259.54	-2463.67	-2221.05	-2213.27	17.8932
92 	7262.83	-2378.83	-2219.55	-2212.57	13.8338
93 	7266.25	-2434.78	-2218.65	-2212.08	14.245 
94 	7269.57	-2583.06	-2218.07	-2211.18	20.7711
95 	7272.79	-2679.35	-2220.16	-2210.08	31.7683
96 	7275.62	-2563.29	-2216.03	-2209.99	19.8057
97 	7278.86	-3200.07	-2218.2 	-2208.89	55.5145
98 	7281.6 	-2384.24	-2213.56	-2207.02	13.7036
99 	7284.42	-2346.28	-2212.19	-2206.32	11.6521
0  	7291.7 	-6350.22	-3775.98	-2679.84	540.642
1  	7294.43	-4834.33	-3366.13	-2665.4 	285.234
2  	7297.03	-3849.2 	-3140.31	-2625.71	206.523
3  	7299.79	-4513.17	-2968.72	-2550.96	186.884
4  	7302.74	-3275.39	-2837.99	-2550.96	129.495
5  	7305.28	-4077.66	-2739.21	-2537.48	124.688
6  	7307.78	-2978.05	-2657.07	-2536.39	56.9931
7  	7310.71	-3428.94	-2621.08	-2528.62	71.8853
8  	7313.57	-2953.99	-2584.2 	-2507.09	39.5838
9  	7316.24	-3877.54	-2567.19	-2491.29	94.3572
10 	7318.83	-3367.45	-2549.63	-2485.29	63.5041
11 	7321.46	-10120.8	-2553.77	-2465.57	348.126
12 	7324.17	-2796.56	-2521.71	-2457.84	28.5701
13 	7326.91	-2970.31	-2509.67	-2434.28	35.1342
14 	7329.92	-3080.97	-2495.1 	-2434.28	36.9375
15 	7332.48	-2633.32	-2477.46	-2411.96	23.1319
16 	7334.92	-3504.2 	-2469.58	-2409.87	68.878 
17 	7337.46	-2630.21	-2447.5 	-2405   	21.1038
18 	7340.07	-2770.2 	-2436.78	-2399.09	24.9913
19 	7342.75	-4616.47	-2433.21	-2388.67	101.311
20 	7345.43	-2783.9 	-2418.37	-2387.47	25.5399
21 	7348.18	-2777.56	-2410.45	-2377   	27.446 
22 	7350.96	-2668.77	-2403.42	-2372.75	21.5112
23 	7353.7 	-3263.47	-2399.71	-2368.96	53.5339
24 	7356.36	-2669.6 	-2392.54	-2366.17	24.0347
25 	7358.87	-4651.29	-2393.1 	-2363.14	113.522
26 	7361.55	-2539.34	-2380.01	-2360.01	14.019 
27 	7364.52	-2653.53	-2376.59	-2356.52	21.7879
28 	7367.2 	-2947.21	-2372.77	-2356.52	32.2543
29 	7369.95	-2617.28	-2368.85	-2348.87	17.8268
30 	7372.68	-2657.21	-2366.78	-2348.05	22.1162
31 	7375.74	-2856.19	-2364.23	-2344.87	31.8066
32 	7378.53	-2680.14	-2359.7 	-2335.89	24.5213
33 	7381.19	-2712.08	-2356.92	-2331.51	29.0279
34 	7383.65	-2653.71	-2353.35	-2330.24	24.8969
35 	7386.18	-2796.47	-2350.14	-2325.59	35.6771
36 	7388.52	-2736.6 	-2344.12	-2322.29	24.6512
37 	7391.12	-2570.48	-2340.8 	-2319.37	24.2654
38 	7394.08	-2681.17	-2335.34	-2318.42	22.1802
39 	7396.71	-2647.38	-2331.58	-2313.71	23.6473
40 	7399.31	-2448.2 	-2326.38	-2310.48	12.0381
41 	7401.81	-2847.07	-2326.31	-2309.61	38.7276
42 	7404.45	-2541.47	-2320.4 	-2302.64	17.8485
43 	7407.02	-2572.1 	-2319.15	-2302.64	23.7043
44 	7409.68	-2693.72	-2314.46	-2297.25	20.281 
45 	7412.28	-2596.45	-2311.57	-2295.82	17.4084
46 	7415.2 	-2746.33	-2310.62	-2292.33	29.4192
47 	7417.94	-2773.76	-2306.91	-2287.19	32.6982
48 	7420.61	-2523.2 	-2301.3 	-2283.69	15.9466
49 	7423.3 	-2391.31	-2296.96	-2281.13	10.4099
50 	7425.96	-2665.85	-2296.46	-2279.1 	25.3862
51 	7429.96	-2418.23	-2292.26	-2275.45	14.4166
52 	7432.54	-2891.39	-2289.83	-2273.85	31.8711
53 	7435.05	-2780.66	-2288.2 	-2272   	33.1807
54 	7437.44	-2457.42	-2283.72	-2266.59	17.8343
55 	7439.91	-2407.54	-2280.21	-2266.59	13.1132
56 	7442.49	-3173.63	-2280.19	-2260.99	47.237 
57 	7444.9 	-2681.25	-2275.57	-2256.86	28.2157
58 	7447.31	-2524.95	-2271.92	-2256.16	20.9695
59 	7449.71	-2828.33	-2270.58	-2253.89	35.2431
60 	7452.32	-2349.83	-2263.99	-2250.35	8.89796
61 	7454.95	-2638.81	-2263.36	-2246.33	24.0086
62 	7457.48	-6292.48	-2271.99	-2244.01	187.503
63 	7460.04	-2497.52	-2257.54	-2242.82	22.0905
64 	7463.04	-2594.71	-2254.87	-2240.22	22.753 
65 	7466.09	-5750   	-2261.22	-2239.43	161.4  
66 	7468.56	-2873.97	-2251.38	-2236.4 	38.9342
67 	7471.02	-2534.32	-2246.43	-2236.13	17.5516
68 	7473.61	-2387.14	-2245.18	-2233.27	17.7857
69 	7476.09	-2352.24	-2241.23	-2230.58	11.0811
70 	7478.59	-2356.69	-2238.25	-2229.35	7.47589
71 	7481.41	-2425.67	-2237.62	-2226.65	13.8833
72 	7484.24	-2389.36	-2236.64	-2226.65	16.8746
73 	7486.95	-2970.63	-2236.32	-2224.65	39.9493
74 	7489.6 	-2636.77	-2232.79	-2222.18	24.7781
75 	7492.31	-2336.4 	-2229.5 	-2219.09	8.7942 
76 	7494.93	-2357.95	-2228.22	-2219.09	9.94373
77 	7498.63	-2874.12	-2229.15	-2217.35	38.3311
78 	7501.3 	-2752.57	-2225.84	-2216.23	25.4522
79 	7503.96	-2447.15	-2226.07	-2215.86	23.5958
80 	7506.46	-2430.82	-2222.17	-2212.81	13.9157
81 	7508.89	-2433.72	-2220.97	-2212.14	15.8262
82 	7511.52	-2402.6 	-2220.27	-2209.86	17.035 
83 	7514.03	-2936.02	-2218.74	-2208.05	35.2881
84 	7516.4 	-2292.6 	-2214.97	-2203.22	7.69463
85 	7518.89	-2787.18	-2215.32	-2203.22	29.0342
86 	7521.54	-2500.66	-2213.53	-2202.91	21.5023
87 	7524.15	-2336.52	-2210.27	-2201.72	11.221 
88 	7526.68	-2369.33	-2208.74	-2200.51	12.567 
89 	7529.34	-2300.95	-2206.86	-2198.1 	9.7829 
90 	7531.93	-2309.45	-2205.69	-2197.22	11.2412
91 	7534.63	-2420.21	-2205.58	-2196.58	19.0182
92 	7537.35	-2400.42	-2202.33	-2195.59	11.5689
93 	7539.94	-2631.41	-2202.59	-2193.94	27.4751
94 	7542.72	-2877.67	-2201.55	-2192.75	33.1131
95 	7545.39	-2316.06	-2198.68	-2191.2 	10.0757
96 	7548.1 	-2327.5 	-2198.17	-2190.08	12.0651
97 	7550.83	-2318.45	-2196.17	-2188.57	12.2066
98 	7553.51	-3032.87	-2198.35	-2187.98	49.2524
99 	7556.2 	-3055.37	-2194.52	-2185   	39.2181
0  	7562.49	-8983.76	-3725.3 	-2791.83	634.866
1  	7565.58	-4625.86	-3314.84	-2780.68	282.351
2  	7568.33	-5060.35	-3121.25	-2732.13	184.175
3  	7571.02	-3801.36	-2993.94	-2718.27	125.402
4  	7573.68	-4355.42	-2910.77	-2667.78	111.891
5  	7576.21	-3387.74	-2836.78	-2660.05	82.1586
6  	7578.73	-3510.78	-2775.01	-2610.81	71.2587
7  	7581.27	-3138.94	-2727.64	-2608.15	63.5359
8  	7583.74	-3449.44	-2689.88	-2568.48	68.9887
9  	7586.34	-3423.61	-2654.63	-2534.12	57.6202
10 	7588.94	-3823.32	-2625.58	-2512.41	68.9558
11 	7591.55	-2935.8 	-2593.89	-2512.41	41.6615
12 	7594.08	-3575.38	-2573.7 	-2491.31	73.5174
13 	7596.64	-3129.77	-2547.71	-2469.87	44.1604
14 	7599.17	-3161.9 	-2525.88	-2447.69	44.2524
15 	7601.68	-4971.29	-2514.53	-2435.88	117.518
16 	7604.24	-2792.78	-2490.91	-2427.97	35.1462
17 	7606.67	-2801.98	-2471.27	-2406.81	32.3131
18 	7609.21	-2842.06	-2456.65	-2391.49	34.4459
19 	7611.71	-2679.36	-2440.52	-2383.06	27.6752
20 	7614.5 	-3561.52	-2431.95	-2353.11	71.0825
21 	7616.99	-2904.78	-2414.49	-2341.87	34.6371
22 	7619.44	-3788.75	-2411.22	-2341.87	118.897
23 	7622   	-2721.94	-2383.93	-2308.44	33.1701
24 	7624.58	-2868.67	-2368.23	-2302.02	37.7122
25 	7627.14	-2774.62	-2352.82	-2294.83	30.0589
26 	7630.05	-2682.97	-2342.28	-2284.81	32.7322
27 	7632.53	-2710.59	-2329.26	-2283.93	29.4683
28 	7635.27	-2484.02	-2314.89	-2275.37	18.3428
29 	7637.8 	-2396.89	-2302.95	-2271.91	13.5043
30 	7640.45	-2418.52	-2294.43	-2270.39	12.7167
31 	7642.93	-2714.9 	-2289.56	-2260.94	27.1902
32 	7645.4 	-2574.06	-2284.29	-2256.72	22.8414
33 	7648.03	-3873.05	-2284.16	-2254.87	89.5795
34 	7650.61	-3024.91	-2276.72	-2254.87	46.8344
35 	7653.03	-2658.28	-2269.77	-2254.87	20.1501
36 	7655.51	-2646.13	-2266.17	-2253.42	21.3589
37 	7657.84	-2728.53	-2265.37	-2247.22	33.7667
38 	7660.38	-2405.45	-2260.27	-2242.06	15.1962
39 	7662.83	-2411.45	-2257.29	-2241.83	12.9736
40 	7665.33	-2436.9 	-2255.78	-2241.02	17.1878
41 	7667.8 	-2588.24	-2253.8 	-2241.02	19.3466
42 	7670.23	-2455.74	-2251.14	-2237.38	15.8537
43 	7673.06	-2515.39	-2248.28	-2234.74	17.9827
44 	7675.82	-2540.74	-2246.16	-2232.02	19.4899
45 	7678.55	-2845.23	-2245.85	-2230.6 	35.8875
46 	7681.22	-2469.85	-2241.6 	-2225.83	16.5098
47 	7683.75	-2573.24	-2239.69	-2225.13	24.5153
48 	7686.78	-3857.82	-2238.8 	-2223.26	73.1525
49 	7689.52	-2466.1 	-2234.54	-2220.3 	20.0413
50 	7692.65	-2850.61	-2233.07	-2219.16	36.9882
51 	7696.13	-2359.78	-2228.41	-2216.1 	11.6268
52 	7699.68	-2452.17	-2226.64	-2212.38	15.2037
53 	7702.68	-2355.89	-2224.27	-2212.23	12.8479
54 	7705.6 	-2372.06	-2221.53	-2208.01	12.8358
55 	7708.62	-2706.18	-2221.83	-2206.43	32.0313
56 	7711.78	-2366.42	-2217.03	-2203.21	14.4264
57 	7714.74	-2310.11	-2213.77	-2199.95	9.90132
58 	7717.71	-2592.49	-2213.55	-2199.95	29.2663
59 	7720.7 	-2518.12	-2209.67	-2196.85	18.1121
60 	7723.63	-2367.15	-2206.89	-2196.25	14.8551
61 	7726.65	-2424.66	-2204.54	-2193.13	14.1363
62 	7729.86	-2415.21	-2203.43	-2193.13	15.5722
63 	7732.9 	-2476.02	-2200.75	-2190.69	16.1873
64 	7735.8 	-3225.96	-2202.65	-2186.86	63.832 
65 	7738.83	-2471.57	-2196.96	-2185.96	15.0065
66 	7741.78	-2420.51	-2195.72	-2185.96	15.3483
67 	7744.87	-2521.69	-2194.13	-2183.84	19.0924
68 	7747.92	-2401.37	-2192.44	-2183.61	16.0888
69 	7750.97	-2312.49	-2189.47	-2180.69	9.40641
70 	7753.93	-2457.66	-2188.96	-2177.29	19.452 
71 	7757.13	-2306.45	-2187.04	-2177.29	10.7914
72 	7760.12	-2397.99	-2185.57	-2177.29	12.9916
73 	7763.1 	-2696.98	-2185.73	-2176.19	26.2834
74 	7766.09	-2500.42	-2184.19	-2173.45	19.104 
75 	7768.94	-2301.5 	-2182.53	-2173.45	12.7642
76 	7771.93	-2483.04	-2181.02	-2172.75	19.3529
77 	7774.77	-2362.78	-2178.96	-2170.75	14.5845
78 	7777.61	-2245.49	-2176.56	-2169.3 	7.73891
79 	7780.54	-2528.73	-2177.02	-2168.68	25.2047
80 	7783.54	-2351.4 	-2174.69	-2167.51	11.4959
81 	7786.59	-2417.81	-2174.15	-2167.48	17.2785
82 	7789.71	-2420.94	-2172.78	-2165.56	17.5064
83 	7792.68	-2479.26	-2171.68	-2165.56	17.3721
84 	7795.74	-3074.59	-2173.25	-2164.24	56.264 
85 	7798.55	-2317.89	-2169.28	-2163.77	12.8879
86 	7801.64	-2337.76	-2168.22	-2162.04	11.6371
87 	7804.73	-2383.94	-2167.99	-2162.04	15.4902
88 	7807.67	-2403.48	-2166.55	-2161.52	13.8639
89 	7810.68	-2301.86	-2165.59	-2160.52	10.5584
90 	7813.56	-2240.58	-2163.76	-2160.42	5.73939
91 	7816.79	-2359.23	-2164.36	-2158.38	13.6055
92 	7819.71	-3331.71	-2167.71	-2157.48	57.5907
93 	7822.71	-2697.83	-2164.49	-2157.48	29.2278
94 	7825.64	-2314.8 	-2162.11	-2156.28	11.5937
95 	7828.42	-2349.2 	-2161.15	-2154.33	12.5806
96 	7831.27	-2983.54	-2163.3 	-2154.08	44.444 
97 	7834.19	-2583.33	-2161.29	-2152.64	29.3734
98 	7837.21	-2312.33	-2158.21	-2151.19	11.5528
99 	7839.99	-2743.38	-2158.68	-2150.46	28.4324
0  	7846.3 	-8151.49	-3504.5 	-2652.36	579.936
1  	7849.38	-4836.92	-3123.02	-2652.36	247.063
2  	7852.46	-5333.87	-2945.2 	-2639.89	182.39 
3  	7855.61	-3580.96	-2828.91	-2589.41	104.046
4  	7858.6 	-3084.71	-2747.97	-2556.1 	73.083 
5  	7861.09	-3356.58	-2691.78	-2530.15	72.2409
6  	7864.11	-4284.82	-2654.87	-2505.72	118.148
7  	7867.13	-2970.75	-2606.01	-2500.78	47.9628
8  	7870.32	-3470.79	-2575.09	-2477.73	64.096 
9  	7873.41	-3792.33	-2546.75	-2438.51	83.4367
10 	7876.52	-2780.96	-2519.74	-2424.85	35.4351
11 	7879.55	-3172.08	-2502.55	-2413.63	53.7525
12 	7882.56	-2884.89	-2481.52	-2407.4 	42.5048
13 	7885.56	-2811.98	-2459.3 	-2364.86	30.977 
14 	7888.53	-3061.76	-2440.13	-2364.86	40.6771
15 	7891.48	-2809.38	-2424.91	-2357.87	37.4167
16 	7894.47	-2654.74	-2411.48	-2351.96	30.8907
17 	7897.56	-2948.39	-2399.15	-2346.52	42.732 
18 	7900.38	-4272.8 	-2389.43	-2335.21	90.8244
19 	7903.4 	-2891.36	-2375.72	-2318.85	47.9284
20 	7906.36	-2835.7 	-2359.59	-2318.05	28.2385
21 	7909.29	-2567.23	-2349.58	-2282.02	21.7231
22 	7912   	-2990.68	-2339.79	-2276.07	43.4114
23 	7914.92	-2494.49	-2326.95	-2267.06	20.0649
24 	7917.95	-2479.74	-2316.45	-2266.76	18.3495
25 	7921.01	-2475.72	-2304.26	-2262.46	16.9456
26 	7924.03	-2974.89	-2295.6 	-2256.07	37.0486
27 	7927.07	-2489.95	-2285.25	-2256.07	16.1891
28 	7930.06	-2605.58	-2277.73	-2253.58	23.1718
29 	7932.89	-2713.44	-2270.41	-2248.24	25.964 
30 	7935.67	-2573.5 	-2264.72	-2248.24	19.3546
31 	7938.41	-2888.86	-2262.57	-2241.07	45.3337
32 	7941.44	-2682.93	-2257.18	-2239.45	26.1722
33 	7944.37	-2632.52	-2253.56	-2235.34	22.6905
34 	7947.69	-2768.01	-2251.97	-2231.33	38.4712
35 	7950.9 	-2897.05	-2248.38	-2226.69	39.6583
36 	7953.99	-2485.26	-2243.03	-2226.69	18.9322
37 	7956.68	-2420.51	-2239.02	-2217.62	13.2943
38 	7959.65	-2517.15	-2235.62	-2215.39	17.7816
39 	7962.47	-2376.44	-2232.22	-2214.62	11.8858
40 	7965.36	-3011.96	-2231.44	-2211.37	38.467 
41 	7968.38	-3227.18	-2228.2 	-2209.03	49.5041
42 	7971.49	-2734.51	-2222.93	-2202.5 	29.6501
43 	7974.54	-3451.81	-2222.7 	-2202.5 	59.2172
44 	7977.56	-2441.27	-2215.96	-2201.68	15.2315
45 	7980.75	-2514.92	-2214.81	-2197.14	24.4079
46 	7983.75	-2475.58	-2210.82	-2197.14	16.8375
47 	7986.39	-2513.58	-2209.35	-2189.36	24.3186
48 	7989.42	-2328.94	-2204.15	-2186.61	11.106 
49 	7992.45	-2455.14	-2202.45	-2184.14	22.8588
50 	7995.37	-2278.39	-2197.51	-2182.84	8.07834
51 	7998.3 	-2564.46	-2195.93	-2182.44	21.5751
52 	8001.07	-2349.91	-2192.2 	-2181.05	13.028 
53 	8004.04	-2635.28	-2189.53	-2177.72	22.3238
54 	8007.02	-2436.27	-2187.87	-2176.9 	22.5761
55 	8010.12	-2524.47	-2186.92	-2175.01	22.8567
56 	8013.24	-2973.98	-2186.27	-2173.48	39.9028
57 	8016.08	-2223.25	-2180.95	-2173.01	4.84353
58 	8019.07	-2689.46	-2181.54	-2169.58	27.1926
59 	8022.37	-2308.19	-2178.81	-2167.15	11.6759
60 	8025.89	-2446.47	-2177.92	-2165.72	17.5049
61 	8028.78	-2284.92	-2175.14	-2163.83	11.0828
62 	8031.98	-2536.23	-2174.4 	-2163.83	22.4276
63 	8034.99	-2567.96	-2172.52	-2163.45	21.3315
64 	8037.95	-2461.91	-2170.67	-2162.58	18.2269
65 	8041.15	-2282.91	-2168.76	-2161.86	10.4727
66 	8044.2 	-2673.8 	-2169.52	-2160.18	32.0742
67 	8047.22	-2234.17	-2165.15	-2158.14	7.35178
68 	8050.13	-2421.46	-2165.86	-2157.44	18.4269
69 	8053.25	-2287.58	-2163.15	-2156.68	8.85094
70 	8056.24	-2442.46	-2163.11	-2155.31	18.8682
71 	8059.33	-2298.23	-2161.07	-2153.25	9.7689 
72 	8062.19	-3268.25	-2161.76	-2153.13	50.2357
73 	8065.39	-2725.07	-2161.76	-2152.56	34.2357
74 	8068.6 	-2330.27	-2158.38	-2150.52	13.0207
75 	8071.61	-2229.64	-2155.98	-2149.63	5.85923
76 	8074.55	-2322.09	-2156.1 	-2149.63	13.1105
77 	8077.53	-2286.24	-2153.98	-2148.53	8.54384
78 	8080.28	-3958.9 	-2156.67	-2147.4 	81.0682
79 	8083.15	-2584.78	-2155.13	-2146.07	31.0999
80 	8085.91	-2199.01	-2150.56	-2145.18	5.28963
81 	8088.85	-2328.32	-2150.24	-2143.65	10.1159
82 	8091.62	-2259.57	-2148.81	-2143.65	8.21567
83 	8094.51	-2275.66	-2148.27	-2143.41	9.96409
84 	8097.47	-2334.04	-2147.56	-2142.57	12.0221
85 	8100.46	-2351.37	-2146.81	-2141.82	12.8471
86 	8103.5 	-2227.62	-2145.27	-2140.49	6.6614 
87 	8106.51	-3586.41	-2150.01	-2139.4 	76.6071
88 	8109.4 	-2223.83	-2143.77	-2137.87	7.08998
89 	8112.11	-2318.87	-2144.47	-2137.17	13.4184
90 	8115.05	-2270.75	-2143.16	-2135.38	11.4886
91 	8117.96	-2279.96	-2141.89	-2135.38	10.8352
92 	8120.78	-2862.85	-2142.73	-2134.68	36.6767
93 	8123.76	-2338.17	-2141.2 	-2133.52	18.8725
94 	8126.64	-2355.88	-2139.85	-2130.48	16.7784
95 	8129.7 	-2305.3 	-2139.03	-2130.48	16.2844
96 	8132.64	-2237.03	-2136.6 	-2130.48	7.85656
97 	8135.74	-2558.19	-2138.18	-2129.73	25.3202
98 	8138.75	-2173.11	-2134.17	-2127.93	4.44606
99 	8141.73	-2344.92	-2134.13	-2126.8 	14.499 
0  	8148.56	-7291.98	-3610.72	-2640.79	691.733
1  	8151.69	-4122.72	-3142.77	-2636.33	259.909
2  	8154.89	-3817.34	-2950.46	-2609.88	169.06 
3  	8157.96	-3164.6 	-2831.87	-2577.57	108.117
4  	8161.15	-3874.45	-2738.09	-2540.36	104.015
5  	8164.17	-3871.64	-2673.93	-2533.72	97.044 
6  	8167.36	-4302.92	-2633.93	-2502.76	93.2124
7  	8170.46	-3228.75	-2601.31	-2486.29	51.4359
8  	8173.47	-4128.76	-2577.96	-2469.81	86.4454
9  	8176.2 	-2979.51	-2548.99	-2455.21	44.5328
10 	8179.03	-2794.43	-2518.93	-2442.81	35.2211
11 	8182.14	-3027.89	-2500.83	-2423.23	48.3015
12 	8185.33	-3214.08	-2484.32	-2387.94	65.01  
13 	8188.57	-2648.07	-2457.48	-2377.36	26.6168
14 	8191.67	-2739.44	-2441.9 	-2369.04	34.5928
15 	8194.86	-2957.85	-2425.44	-2357.12	39.9605
16 	8197.98	-2823.74	-2410.46	-2349.53	35.7944
17 	8201.01	-3799.92	-2405.45	-2344.73	114.375
18 	8203.91	-2732.6 	-2382.22	-2331.5 	33.3166
19 	8206.92	-2611.7 	-2369.25	-2323.42	23.0585
20 	8209.6 	-2699.07	-2358.4 	-2314.78	23.7592
21 	8212.55	-3011.43	-2353.22	-2312.96	46.6203
22 	8215.42	-3139.64	-2344.72	-2302.3 	55.1912
23 	8218.23	-3591.9 	-2333.51	-2294.94	60.6673
24 	8221.45	-2862.09	-2324.45	-2285.82	39.9136
25 	8224.57	-2457.27	-2311.31	-2273.9 	16.7827
26 	8227.46	-2432.08	-2303.58	-2263.27	17.0466
27 	8230.54	-2636.94	-2294.46	-2260.18	22.0444
28 	8233.53	-2389.18	-2284.21	-2243.03	13.605 
29 	8236.38	-2598.78	-2277.56	-2235.47	24.7438
30 	8239.47	-2717.33	-2268.94	-2229.19	29.4674
31 	8242.5 	-3707.4 	-2262.42	-2224.01	67.5553
32 	8245.6 	-2350.51	-2249.4 	-2220.72	12.4573
33 	8248.82	-2431.41	-2244.12	-2215.92	20.1441
34 	8251.99	-3278.26	-2241.74	-2213.3 	62.2028
35 	8255.03	-2332.74	-2229.31	-2207.47	10.9686
36 	8258.05	-2997.83	-2227.97	-2207.47	41.9099
37 	8260.89	-2667.29	-2221.32	-2202.73	23.1113
38 	8264.02	-3401.87	-2220.7 	-2201.57	55.8328
39 	8266.93	-2687.12	-2215.25	-2196.56	26.5789
40 	8269.8 	-2559.52	-2212.85	-2194.22	25.2658
41 	8272.41	-3724.68	-2215.56	-2193.39	82.044 
42 	8275.1 	-2457.71	-2205.11	-2191.91	19.0729
43 	8277.98	-2723.73	-2202.63	-2190.39	27.7359
44 	8281.1 	-2329.7 	-2198.77	-2187.04	13.7128
45 	8284.11	-2309.42	-2195.93	-2185.13	11.5921
46 	8286.55	-2697.52	-2195.58	-2183.49	29.4656
47 	8289.11	-2774.71	-2193.06	-2181.88	30.5387
48 	8292.2 	-2370.7 	-2189.82	-2181.32	13.6241
49 	8295.96	-2303.77	-2187.79	-2177.57	9.52336
50 	8299.04	-3085.61	-2188.96	-2175.69	53.3867
51 	8302.13	-2543.83	-2184.97	-2173.74	22.578 
52 	8304.78	-3096.86	-2183.47	-2171.96	42.0161
53 	8307.85	-2349.31	-2179.83	-2168.02	12.6299
54 	8311.05	-3145.31	-2179.73	-2163.27	44.8421
55 	8313.95	-3065.55	-2177.55	-2163.27	42.0657
56 	8316.93	-2625.41	-2175.04	-2162.4 	25.5765
57 	8319.96	-2258.34	-2170.54	-2161.71	7.05236
58 	8322.89	-2517.89	-2171.57	-2160.18	24.4323
59 	8325.78	-2331.98	-2168.14	-2158.39	16.3098
60 	8328.81	-2742.96	-2166.81	-2156.96	28.3794
61 	8331.93	-2315.38	-2163.89	-2156.96	10.6166
62 	8334.82	-3602.41	-2164.72	-2154.74	64.7236
63 	8337.6 	-3780.53	-2164.24	-2151.2 	73.1592
64 	8340.56	-2340.15	-2159.81	-2150.37	11.2607
65 	8343.61	-2474.06	-2160.13	-2150.37	21.2119
66 	8346.34	-2339.36	-2157.06	-2148.28	11.3661
67 	8349.25	-2435.05	-2155.83	-2148.1 	15.5625
68 	8352.35	-2294.58	-2154.52	-2146.2 	12.5901
69 	8355.43	-2327.71	-2153.33	-2145.88	14.004 
70 	8358.48	-2288.77	-2151.53	-2144.55	11.2654
71 	8361.5 	-2440.6 	-2151.9 	-2143.07	25.1656
72 	8364.58	-2458.02	-2149.89	-2143.07	18.722 
73 	8367.4 	-2400.15	-2148.97	-2141.88	18.0907
74 	8370.19	-2270.1 	-2146.75	-2141.49	8.67274
75 	8373.26	-2491.2 	-2147.93	-2139.56	22.5667
76 	8376.37	-2374.77	-2146.12	-2139.56	18.9654
77 	8379.45	-2440.21	-2144.8 	-2138.01	16.888 
78 	8382.61	-2296.28	-2143.6 	-2137.73	12.627 
79 	8385.5 	-2239.4 	-2142.67	-2137.03	9.35288
80 	8388.52	-2266.79	-2141.24	-2136.11	8.44804
81 	8391.6 	-2211.25	-2140.13	-2134.41	6.75325
82 	8394.59	-2396.89	-2140.03	-2132.89	15.1821
83 	8397.33	-2275.05	-2139.25	-2130.27	14.0548
84 	8399.97	-2271.15	-2137.69	-2129.37	12.4402
85 	8402.88	-2309.77	-2136.58	-2129.37	11.917 
86 	8405.98	-2190.47	-2134.31	-2126.13	5.56953
87 	8409.05	-2615.27	-2135.88	-2124.33	29.7702
88 	8412.06	-2287.04	-2133.18	-2122.06	11.3892
89 	8415.13	-2835.04	-2134.46	-2120.44	38.5128
90 	8418.13	-2456.68	-2131.27	-2120.44	17.4021
91 	8421.15	-2201.47	-2129.05	-2120.44	7.90745
92 	8424.23	-2291.33	-2128.7 	-2120.44	15.1514
93 	8427.06	-2573.45	-2127.67	-2120.04	26.3696
94 	8430.02	-2467.72	-2124.8 	-2119.74	18.6435
95 	8432.46	-2240.75	-2123.9 	-2119.74	11.1257
96 	8435.2 	-2234.06	-2121.95	-2118.92	7.80611
97 	8437.81	-2284.21	-2122.78	-2118.92	12.9412
98 	8440.3 	-2264.96	-2121.41	-2117.92	8.11653
99 	8442.86	-2380.33	-2122.35	-2117.66	16.5605
