-0.635378527438	131.120188
-0.544173112209	130.853491
-0.466454111572	123.303681
-0.400842269449	128.413937
-0.341668928421	114.949746
-0.291086806867	112.774057
-0.283037040601	113.445776
-0.23826606078	104.352896
-0.201812477461	109.717026
-0.170709041935	118.637475
-0.144141357431	114.644458
-0.14186160438	103.672046
-0.120637745861	111.453135
-0.102363114175	111.818102
-0.0948565533989	101.012157
-0.078621288863	110.192692
-0.0667428461668	109.264024
-0.0565178249113	107.51512
-0.0478592202143	103.848997
-0.0429394491245	94.488064
-0.0373126125952	103.688781
-0.0336852984105	112.125455
-0.0307998899282	112.174416
-0.0262835930972	96.130498
-0.0224728714266	108.027125
-0.0201438888931	108.334506
-0.0172828839485	103.849729
-0.0166611329935	108.023015
-0.0133339602373	103.83359
-0.0114484601966	108.238916
-0.00934484505404	101.495007
-0.00648816629306	105.521111
-0.00575461337005	103.283343
-0.00242017926772	107.860836
-0.00288134888676	106.485206
-0.00256721618344	106.107155
-0.00142764619749	106.038269
0.00108336759286	97.008987
0.0029948347186	103.809343
0.00307157185278	102.020544
0.00521895674344	106.60606
0.00547676427702	93.182575
0.00828083749493	104.316785
0.00828083749493	98.68578
0.0103232806936	105.826579
0.0113979216439	105.715728
0.0113979216439	106.667724
0.0129480365958	99.847719
0.0130915261232	86.582367
0.0154566945025	100.338359
0.0159267421917	106.048188
0.0160282818709	96.823583
0.0173903150068	105.823549
0.0195659589527	102.876118
0.0197339906737	101.073851
0.0197339906737	99.692463
0.0211925740603	97.580525
0.0224954806476	100.028573
0.0224954806476	101.174704
0.0239619434017	106.471729
0.025764526825	94.939012
0.0266764470069	101.933664
0.0266764470069	97.958236
0.0268645983094	93.225198
0.0273589603	100.877914
0.0275062303016	103.878022
0.0281348345257	101.234292
0.0281650310961	102.246362
0.0288347399721	106.858788
0.029690919907	106.689651
0.0305952536056	101.151455
0.0305952536056	103.812068
0.0311316463312	100.93622
0.0315385476622	94.169244
0.0317884108193	101.347417
0.0324105759668	106.224022
0.0324350330098	96.743166
0.0329549599118	101.239332
0.0337393387769	105.292213
0.0341139580438	96.37179
0.0349233207003	107.265129
0.0353707956989	99.585526
0.0353865541461	101.872981
0.0358235128118	98.777844
0.036353656859	110.691968
0.0364830842598	101.383817
0.0372715457434	100.379228
0.0372681918835	105.338239
0.0373464596276	97.245345
0.0381993899753	102.422491
0.0390334728906	101.101532
0.0392091974312	105.808189
0.0395651153552	102.439745
0.0402976546279	90.247266
0.0410072803639	107.463319
0.0412620010297	96.788461
0.0412620010297	100.787482
0.0418281245648	105.243775
0.0418281245648	106.403092
0.0425886345145	107.028815
-0.63557066396	129.454685
-0.543983592172	133.485128
-0.465821943113	129.62139
-0.402158198617	126.484518
-0.344984856565	124.06409
-0.307504929413	128.514236
-0.260769953554	125.348762
-0.220031555386	124.598809
-0.199165064658	117.897762
-0.177910326522	119.793437
-0.156001107007	116.243006
-0.129924605772	115.653527
-0.12294356139	118.614978
-0.103331952629	106.148046
-0.089205728403	108.778695
-0.0724699204814	115.599747
-0.0641368793557	117.657444
-0.0539014266391	108.931298
-0.0506101891673	111.629814
-0.0399887025199	113.13098
-0.0361501613295	107.900211
-0.0323119823001	111.40862
-0.0280475199694	102.502842
-0.026430262537	111.227491
-0.0226337329056	110.454524
-0.0192112946244	108.022636
-0.0184167810624	100.871633
-0.0155923246981	107.596089
-0.0119677875585	122.041908
-0.0117381529733	109.273888
-0.0103836915635	107.624351
-0.0094712344617	109.856808
-0.00784307357183	102.670646
-0.00443721503357	108.697187
-0.00262942229327	111.15816
-0.00163173279854	112.674617
-7.56317003002e-05	107.895936
0.00214002165337	104.146687
0.00214002165337	106.248657
0.00285553377005	108.302717
0.00406537776775	115.793709
0.00539484416405	110.491115
0.0055343188523	104.604626
0.00782989136402	106.043608
0.00782989136402	105.625634
0.00986760978078	107.998049
0.0108059734673	107.401514
0.0120347964546	95.286769
0.0128350216955	108.677362
0.0148843373394	116.43538
0.0166833785955	107.53673
0.0177944586377	108.83711
0.0182713279932	111.600242
0.0202049566472	111.128614
0.0215125709694	109.389226
0.0216739104642	109.46702
0.022601141698	102.548496
0.023318873714	107.402353
0.0236867457297	106.662639
0.0245899573926	106.805754
0.0255264747086	110.375156
0.0261114566642	109.837914
0.0266109713223	104.167696
0.027191425679	100.49401
0.0281503549522	107.748949
0.0297088565316	107.118101
0.0307255520224	113.346952
0.0309311153039	112.61456
0.0318589345067	108.571845
0.0329825011178	109.250088
0.0343466778342	105.164702
0.0343466778342	102.893359
0.0355509043646	104.317209
0.0358883893245	100.141469
0.0366937552413	110.923609
0.0366937552413	105.817294
0.0368205604532	100.733087
0.0368205604532	97.211667
0.037454331729	98.125875
0.0374727666146	104.701981
0.0382794299729	101.766199
0.0382794299729	103.015261
0.0385123363925	108.428734
0.0389929113867	102.633903
0.0389929113867	106.026861
0.0393124969168	109.235563
0.0395283468802	101.679804
0.0396702591193	101.323582
0.0397549395996	109.299793
0.040439327527	109.315275
0.040439327527	96.700944
0.041098808086	105.664179
0.041655369481	104.508453
0.0422949586215	111.883423
0.0418617240878	109.940548
0.0421198537273	114.361597
0.0427368543778	107.699782
0.0427368543778	90.933976
0.0428993842706	84.295373
0.0432340675744	80.957752
-0.63564750997	127.509297
-0.546324624597	128.247456
-0.466756671581	121.333345
-0.400132499047	123.061106
-0.34098076746	116.1705
-0.293497545379	131.47639
-0.277464409804	116.687614
-0.235421978604	116.500527
-0.200173155663	119.130176
-0.181827235907	115.461457
-0.153263972755	107.092409
-0.137207881627	112.264355
-0.128035053789	112.389827
-0.109609096949	117.392207
-0.0893155175946	112.489475
-0.0790226730359	111.519031
-0.0696297256216	115.958978
-0.0599420818699	117.018657
-0.0489162338667	108.901938
-0.0435786286905	108.291784
-0.0370197579791	103.322013
-0.0345440121911	105.079774
-0.0303617632895	101.634926
-0.0260222206406	108.845718
-0.0242666321255	103.856734
-0.0213312662922	107.742059
-0.0167210282136	110.940771
-0.0162572410972	104.314728
-0.0144975703916	104.191118
-0.0123425484346	95.423318
-0.0107193747861	105.423344
-0.00968525654354	95.718154
-0.00877469587568	112.010047
-0.006389957864	110.270016
-0.00480091514839	108.074739
-0.0028441419975	103.534927
-0.00212098149809	102.35606
0.00105223776208	101.064761
0.00105223776208	105.627857
0.00105223776208	105.058637
0.00669514711007	104.137354
0.00831055079657	101.251883
0.00831055079657	117.596661
0.00971716874897	95.601377
0.00977104524569	96.21839
0.010615331052	103.089743
0.0110166651681	106.674941
0.0115558097666	101.390741
0.0133695150428	106.364653
0.013417803596	94.164308
0.0163160566372	109.737184
0.0169216869053	95.914297
0.018966054964	96.510789
0.0186158641801	93.154131
0.0189365456689	111.076082
0.0201918213904	104.130255
0.0215305813217	96.648187
0.0217683485204	109.276746
0.0233426736808	101.690387
0.0254615707671	96.957774
0.0254615707671	99.346054
0.0254615707671	104.68363
0.0254615707671	100.063758
0.0254615707671	106.0417
0.0262164067183	106.268039
0.0293285586954	105.505276
0.0278782810335	104.224026
0.0282543835696	102.914435
0.0288735704882	107.064347
0.0296230365199	99.11622
0.0296230365199	100.624861
0.0300911640828	101.515213
0.0304831403508	101.274555
0.0306842899676	103.991469
0.0311189195812	105.7648
0.0313055236657	102.980465
0.0321126895174	100.849867
0.0328066396987	103.655191
0.0336956625613	108.386034
0.0336956625613	103.194513
0.033821090557	98.711921
0.0349627455864	93.565943
0.0349627455864	99.986817
0.0352422364253	106.270847
0.0359383218174	103.700724
0.0359828735401	104.596254
0.0361499978707	105.924535
0.036781198633	103.267881
0.0371514828881	113.107031
0.0384474953422	100.786408
0.0386368961532	102.324645
0.0385608545915	100.834284
0.0386810599843	98.31223
0.0392052499047	110.714077
0.0395748828766	106.019857
0.0397660137335	106.978819
0.040151207219	97.839797
0.040583421941	106.939801
0.0411008570658	97.790351
0.0411008570658	109.754707
-0.635335257256	129.298153
-0.546228289986	130.110232
-0.470431973959	131.51085
-0.400278535783	121.499713
-0.343432506075	119.997932
-0.310660238655	124.973969
-0.265137373836	112.297081
-0.239356064923	113.121623
-0.204799763937	103.478207
-0.17898716743	122.815076
-0.158081187317	113.63208
-0.14672610321	115.491991
-0.124214275156	111.782334
-0.110015453763	113.89083
-0.0916346696174	98.851491
-0.0824133686303	117.24688
-0.0694172290933	112.608184
-0.0658089495817	109.951827
-0.0548378093601	106.433819
-0.0502543799628	104.91529
-0.0419327352364	107.762835
-0.0346160880403	112.574856
-0.0320590632559	97.148822
-0.0260105416774	106.158198
-0.0218334980594	107.741143
-0.0203900297652	102.090309
-0.0159083666242	101.379734
-0.0147517034009	106.033099
-0.0134692284053	106.529717
-0.011628365018	104.674468
-0.0102139927456	105.445576
-0.00470786136868	103.435057
-0.00470786136868	98.991343
-0.00470786136868	106.725211
-0.00200954182744	109.800265
-0.000493654634459	100.63282
0.00095118563896	102.718161
0.00186019629331	112.568039
0.00620370531415	104.255786
0.00829041136329	107.515338
0.00829041136329	103.212787
0.0105297639271	106.495005
0.0107924391957	107.636892
0.0112274979469	114.855601
0.0121282260973	105.580781
0.0175802371359	104.562254
0.0175802371359	98.246864
0.0175802371359	106.165127
0.0196835753302	107.723644
0.0183018829467	107.025897
0.0204977163839	104.223943
0.0207807102149	104.951451
0.0205650407791	104.605054
0.0214907660804	102.160637
0.0216772373353	97.083667
0.0231356563017	102.643555
0.0237879993905	100.887417
0.0239946371563	100.108692
0.0256101551042	100.481333
0.025300086389	100.324233
0.0260231068833	111.959514
0.0268769174401	106.163714
0.0271530462519	105.217324
0.0278658194544	104.302364
0.0285792620381	110.160918
0.0290967809524	100.682676
0.0294328269238	106.482378
0.0298051808452	96.138933
0.0306119639589	101.154998
0.0308063828967	104.657847
0.0315662423758	105.255233
0.0320686989105	96.846233
0.0329854272929	105.30897
0.033421482142	103.080479
0.0340467686818	102.56215
0.0349677178567	97.855786
0.0353141050732	97.203
0.0358874703544	99.904509
0.0358874703544	102.919981
0.0367387043909	99.168549
0.0361886518811	110.418501
0.0367578982206	97.491317
0.037262565855	95.874968
0.0377101259066	102.187758
0.0377150078483	100.651362
0.0380311157189	104.726579
0.0383576053453	105.989227
0.0387158539489	101.706981
0.0389020396805	114.768423
0.0392856537423	97.258711
0.0397201519021	107.265703
0.0397341398542	100.746289
0.0403851893207	104.380739
0.0403851893207	104.378222
0.0405240621203	91.300901
0.0408313385253	106.264088
0.0409925549571	105.386688
0.0415072339634	109.101592
0.041590109429	99.73279
0.0416412104016	103.252154
-0.636169457385	120.246801
-0.545672097647	128.820357
-0.466716420803	122.016451
-0.401684940611	124.163944
-0.343458012633	116.356949
-0.29767329426	118.519951
-0.269348945721	116.714094
-0.230505925562	123.697639
-0.200583392123	117.666263
-0.183037080258	119.459833
-0.165806642498	116.239089
-0.139714124758	114.980812
-0.117135618486	121.612688
-0.100015291331	108.339086
-0.095081300627	113.225404
-0.0809443435843	99.699752
-0.0684487126003	109.305141
-0.0640055683835	101.526501
-0.056280334526	104.173867
-0.0477176494425	103.375876
-0.0419658205688	116.139061
-0.0363417028929	103.112591
-0.0300071159935	118.012988
-0.026198142301	105.652676
-0.026198142301	108.874424
-0.0198599067893	106.494792
-0.0154640521589	106.654395
-0.0140450287199	93.257788
-0.0140450287199	104.357271
-0.0112790830191	102.923514
-0.0112790830191	96.108053
-0.00939058329391	108.220961
-0.00773787989201	110.476911
-0.00514641385544	106.790727
-0.00469276905962	100.4675
-0.000100887721431	99.719416
-0.000100887721431	107.272587
0.000447421688466	105.908289
0.0011531521632	107.031268
0.00170205473791	98.343038
0.00242160712426	112.860541
0.00404916563927	101.287565
0.00604645141481	107.666848
0.00739072425229	96.88259
0.00933044032374	108.747294
0.0103200265522	105.146976
0.0103200265522	101.418879
0.0112404686906	99.13529
0.0126347509992	99.900151
0.0126347509992	97.797717
0.0137278281047	111.577222
0.014154619205	103.12547
0.0146813224996	106.876261
0.0162937080235	107.933173
0.0171457340609	99.196752
0.0173742542337	113.679244
0.0190147456903	107.258846
0.0190147456903	93.177917
0.0203396173306	97.20838
0.0208113548135	104.698501
0.0215434490431	103.530428
0.0223768012982	105.503336
0.0236929862824	96.880077
0.024602824855	100.150045
0.0264290968138	109.723896
0.0264290968138	100.018065
0.0285208925862	107.373162
0.0289327949826	106.274695
0.0290814370866	105.576121
0.0298301974165	102.733523
0.030669697276	102.219034
0.030669697276	104.926456
0.0315135491243	102.7541
0.0324602947573	104.800564
0.0328885551673	106.056049
0.0329366081604	108.037707
0.0330576767997	105.945475
0.0338736615019	107.747895
0.0340860653551	99.656406
0.0345493348547	99.508739
0.035002510086	107.841546
0.0354088401966	108.739743
0.0365469201998	109.722017
0.0367116730112	101.903356
0.0367116730112	108.848549
0.0369908475158	106.830952
0.0374300440976	108.997639
0.0374300440976	102.810398
0.0375980212254	108.614164
0.0384525832921	99.845044
0.0384525832921	109.727956
0.039196374807	98.789207
0.0395221239157	103.124896
0.0397299715656	97.775607
0.0397299715656	98.5146
0.0400277240508	102.685463
0.0404547066439	107.029587
0.0407276164474	96.562299
0.0410881146323	109.53989
0.0411755264927	104.116975
-0.636227600433	128.433715
-0.545908997227	121.106153
-0.469006734998	121.736998
-0.400914428728	120.696592
-0.345727007373	120.982903
-0.323583024628	125.022581
-0.269790381551	123.233484
-0.228686970908	119.800901
-0.206994107436	114.194612
-0.173193617744	111.001128
-0.162169164058	112.872226
-0.141315140219	117.165916
-0.127117334153	113.389636
-0.105822630214	110.26493
-0.0870942689989	115.438649
-0.0737467833742	113.583457
-0.0637227842655	109.542692
-0.0616036121421	112.389997
-0.0503320979343	108.231997
-0.04597519538	104.168083
-0.0430818138599	106.859796
-0.0345014006951	104.209433
-0.0304870588506	111.461975
-0.0270849337395	104.509682
-0.0228680873203	109.915756
-0.0198649768675	109.382576
-0.0198649768675	95.677764
-0.0163945479512	107.721293
-0.0132544808876	101.28377
-0.0114550993086	102.059288
-0.00716562337138	102.888519
-0.0047318075438	106.599371
-0.0047318075438	97.379635
-0.00314202132012	105.84556
-0.00187873246626	106.822377
-0.000812805638721	100.27127
-0.000402169764172	106.122151
0.00153689060581	101.799076
0.00172260706243	103.687271
0.00379315280152	102.266906
0.00590383496173	108.219971
0.00611591108668	104.85008
0.00741289005414	99.399225
0.0101580111577	103.123944
0.0101580111577	109.793883
0.012760002613	108.326467
0.01517368383	101.475374
0.01517368383	110.83898
0.0165231239317	101.209244
0.0165231239317	102.813811
0.0177215472736	96.922044
0.0195532416901	101.072259
0.0201772349795	100.009648
0.0202378789378	98.961264
0.0218370016101	114.905956
0.0230846188722	102.705016
0.0230846188722	109.231359
0.0238103910358	107.989275
0.0241355456363	105.083254
0.0252111462159	109.114899
0.0252111462159	99.069988
0.0260021356067	102.543177
0.0265306586318	102.89098
0.026973888178	106.040843
0.0283013941748	106.344734
0.0283013941748	101.02763
0.0290150855323	102.036877
0.0293574420342	99.84757
0.0297785820176	100.467471
0.0301589151062	110.120809
0.0307536062655	102.489881
0.0311530050174	110.999024
0.0318762106912	101.106468
0.0323763455589	105.63335
0.0328625892624	105.882037
0.0331823819949	99.491202
0.033950012599	109.454604
0.0342678657786	102.844401
0.0348120486597	101.453247
0.0352784628192	98.478162
0.035701656285	101.015683
0.0364041077375	102.630877
0.0371018406302	93.418824
0.0375619127061	105.180196
0.0381653079639	98.703657
0.0382618858628	104.593257
0.0389060407385	97.964312
0.0390219793412	102.302758
0.0392778496778	109.088637
0.0394829979956	108.794096
0.03955071505	109.028678
0.041886154046	100.427183
0.0414683693599	98.363418
0.0408644179264	100.989
0.0412138052454	100.807762
0.0412138052454	102.599282
0.0417970646314	99.88325
0.0420608410525	107.740963
0.0417397079485	98.516657
0.0420625825814	106.711015
-0.635363747411	134.580215
-0.54397592603	125.751022
-0.467687876951	124.160953
-0.397908466268	119.942861
-0.339930172273	128.283831
-0.294704562769	123.721505
-0.250385231294	120.361909
-0.233080793225	114.85544
-0.202205762571	116.729215
-0.176533108235	114.155281
-0.147503564762	115.28753
-0.141470321521	112.342956
-0.125447338172	115.450584
-0.106917217088	113.300549
-0.0931873949395	109.436623
-0.079531473526	106.526439
-0.0674820854394	111.154057
-0.0576620862393	112.451478
-0.049693832452	106.327466
-0.0477493108721	107.212272
-0.0386974421028	111.83986
-0.0362831190291	100.233461
-0.0288306309688	101.418251
-0.0278007076395	118.620945
-0.0255049201924	103.102439
-0.0211705620474	109.4854
-0.0181815530224	107.349959
-0.0157172732023	100.978806
-0.0143098051275	101.698389
-0.0128435665865	103.863164
-0.011868074565	99.417495
-0.0101812123561	103.76148
-0.00870383487057	102.026617
-0.00523178747004	105.710636
-0.00318195233889	103.776049
-0.00104923560738	99.329656
0.00120653496816	99.145773
0.00270415238445	99.977133
0.0049477567091	104.046306
0.00444534279075	106.910953
0.00644133901383	105.271226
0.00644133901383	100.978687
0.00889662001794	100.114883
0.00863076886932	102.691326
0.00978419983745	104.454273
0.0107065488438	103.635207
0.0126857808879	100.576433
0.0126857808879	105.732096
0.0130603348368	106.423888
0.0147154900933	103.246697
0.0170180655381	107.658594
0.0167844615519	95.355011
0.0183991282402	100.65141
0.0183991282402	100.639039
0.0187356014263	98.767841
0.0197895713106	98.518892
0.0204401584207	106.357259
0.0219484807371	106.48286
0.0224575901928	100.097947
0.0236731591903	101.886846
0.0242280294762	103.222707
0.0243360724232	106.119277
0.0254743714772	98.223161
0.0256973275359	109.440633
0.0265990701248	101.508235
0.0265990701248	108.502544
0.0272076698094	100.088203
0.02761563585	105.1406
0.0285177260113	99.229871
0.0286679266765	104.710697
0.0292450525936	106.489841
0.0293668729371	99.064959
0.0296246109655	105.995231
0.0307129546342	93.950601
0.0310250905961	107.124674
0.0316116008619	98.388472
0.031791396731	107.331001
0.0323862224058	102.442423
0.0327055752058	99.790305
0.0335629823726	102.58068
0.0336009399686	105.911028
0.0337552376826	106.049818
0.0338360781402	115.822597
0.0349042562459	105.484523
0.0350025076535	105.108905
0.0352103063806	94.982694
0.03551986688	106.247961
0.0355964652414	110.446742
0.0358835602798	107.641708
0.0367820405106	104.306212
0.0369018847467	101.024552
0.0370087587918	104.251474
0.037508715678	99.760018
0.0375711305605	104.104663
0.0377766968519	98.384595
0.038240267143	102.2155
0.038240267143	99.307357
0.0388428489002	103.537472
0.0389438694546	92.60527
0.0392972187955	106.483969
-0.636785003326	133.188061
-0.546603975801	128.916223
-0.468455911519	128.297492
-0.401385470987	129.245024
-0.340534909182	119.99619
-0.289930235483	125.70115
-0.253288567952	119.385121
-0.23330026933	120.793019
-0.208252401145	115.836283
-0.181536779934	116.155807
-0.160583619622	114.79695
-0.137118885017	107.984502
-0.121375730574	128.57203
-0.103478245005	120.023373
-0.0913427360526	111.28441
-0.0851417735962	116.841385
-0.0727946877477	112.784647
-0.0620747653311	115.581239
-0.0522518771563	106.384048
-0.0445118761745	115.478274
-0.0380838916047	115.433272
-0.0328445782836	108.94333
-0.0306536461732	110.425813
-0.0263207472492	107.125338
-0.021188794197	108.971239
-0.0181867662851	107.964523
-0.0181494094246	115.363677
-0.0163213599294	114.204391
-0.0140850545198	110.420358
-0.0105482291482	105.429515
-0.00947658150895	113.289046
-0.00789800824689	105.80163
-0.00661347641376	115.568383
-0.00411715321046	99.653602
-0.00343948536818	110.877138
-0.00195376416147	102.47329
-0.000804822578559	119.411702
0.00208848473949	107.147964
0.00208848473949	109.455909
0.00397287947849	112.814637
0.00535918148974	113.265142
0.00567714051553	111.951865
0.00624003182459	114.233604
0.00772939581837	104.997416
0.0105577467297	108.192359
0.0106721609566	108.18894
0.0118982834342	114.637347
0.0137487061781	108.882137
0.014910581808	109.563489
0.014910581808	101.736724
0.0155729377951	114.823493
0.0172809090459	108.938021
0.0181029857718	105.793682
0.0179523221086	106.017754
0.018433604941	103.572479
0.0199568972991	109.810071
0.0206692635882	107.794294
0.0218875760005	111.676905
0.0218875760005	107.009206
0.0220336911409	111.873847
0.0222229767841	107.07332
0.0254991442291	112.523406
0.0266837964613	111.05331
0.0266837964613	112.098788
0.0278059510596	117.273736
0.027176483456	108.460329
0.0278602482235	116.848521
0.0288800442245	104.088975
0.0288800442245	106.110193
0.0296791514799	111.777595
0.0308638598429	106.08251
0.0308638598429	111.62654
0.0318723951895	103.864826
0.032667882233	110.749718
0.0332058727787	110.99557
0.0333394052822	106.2396
0.0335160149121	108.701076
0.0340019032618	108.428544
0.0343213048839	107.346744
0.0359027442418	110.701321
0.035998852129	108.647388
0.0361764642154	105.055963
0.0369522394879	106.555713
0.0375992094242	105.802943
0.0383661470591	110.848973
0.0383661470591	112.416828
0.0391691656287	109.844164
0.0396230761962	111.861446
0.0397694913591	115.048551
0.0404396581529	104.947006
0.0404499811006	108.566752
0.0409164935239	105.768896
0.041150956207	108.804126
0.0415111031223	106.237217
0.0420821367823	104.602746
0.0420821367823	90.9108
0.0420821367823	91.923552
0.0423437320683	85.823279
0.0426974032266	68.27153
0.0431767495248	55.160754
-0.635873244238	117.459228
-0.54563506499	122.884219
-0.46938626554	128.367502
-0.400260414862	127.809619
-0.341647273663	116.28203
-0.29426350722	115.864442
-0.251904921839	112.89898
-0.215377420163	120.724586
-0.201037949555	114.076871
-0.169731927152	113.292679
-0.153829896701	106.383164
-0.128388316591	112.295218
-0.108057317252	110.74509
-0.100872257293	109.999785
-0.0831451160209	112.357452
-0.0731787817223	106.152897
-0.0619544309418	111.926592
-0.0526639261385	109.275993
-0.0499313872172	102.808979
-0.0445783565022	100.041104
-0.0361816265958	109.768436
-0.0308676500967	101.111554
-0.0289515202588	108.905508
-0.0242846193554	104.642723
-0.0222292263252	100.776986
-0.0193599359073	102.732044
-0.0160273325345	95.053068
-0.0142590201986	101.72107
-0.00936678948414	102.527987
-0.00930023095781	108.981295
-0.00730539387371	101.585989
-0.00657833766893	96.963105
-0.00583632336632	104.032071
-0.00393213084376	103.943798
-0.000618184873589	104.299377
-0.000652902976453	102.745479
0.00150832249258	111.290044
0.00313366628989	100.454103
0.00410553163105	102.181554
0.00458708014728	95.880924
0.00518316222832	98.622527
0.00554315484168	99.259283
0.00683359727815	105.161203
0.00848095236051	107.96937
0.00859106214593	100.811646
0.0109164104041	95.326557
0.0109164104041	106.548636
0.0118266168026	100.204742
0.012209873338	107.577158
0.0136600641353	104.59266
0.0134580430162	98.483982
0.0142031724864	101.792042
0.0148958066983	92.797003
0.0157596760126	99.563716
0.0171780772948	103.83415
0.0171780772948	102.675348
0.0176259979289	104.845873
0.0203874691977	98.296878
0.0203874691977	106.14143
0.0207432046541	99.12818
0.0224399115633	108.30694
0.0219770736692	90.814681
0.022524449545	109.529838
0.0239533192414	95.510098
0.0239533192414	99.791256
0.0252194340581	105.978326
0.0255043789264	95.325897
0.0271739424058	105.334033
0.0281529631653	103.274073
0.0288710261801	104.818983
0.0295941627092	101.050399
0.0295941627092	100.417113
0.0299023211528	98.667598
0.0315060984095	97.798292
0.0315060984095	103.016604
0.0322853950421	102.343503
0.0342177281698	99.344174
0.0342177281698	102.783149
0.0342177281698	102.994718
0.0348202802668	105.496348
0.0351546938733	92.688736
0.0364500082321	99.942151
0.0364500082321	102.738194
0.0370368490319	107.102021
0.0370368490319	95.08236
0.0375446176292	100.296115
0.0385911382436	95.929049
0.0388575580604	104.416365
0.0408844455619	95.636404
0.0408844455619	101.066098
0.0411137553092	102.93295
0.0411137553092	100.992613
0.0416371098455	110.912414
0.0418684576941	103.357107
0.0420109397757	106.746605
0.0423109039656	102.922055
0.04413912417	98.807858
0.04413912417	103.037197
0.04413912417	99.890448
0.0446265990588	104.272647



























