-0.636060005512	148.230057
-0.547041494942	129.771153
-0.470094968463	140.888448
-0.404587268036	139.447967
-0.366716389492	137.056532
-0.345263565936	132.00973
-0.292227948778	141.629071
-0.287243088492	132.460175
-0.249149469741	133.950663
-0.211606965275	132.253915
-0.190546910449	132.286132
-0.190546910449	131.375429
-0.17695475653	140.423903
-0.17695475653	127.64905
-0.147428894765	134.886456
-0.12657204241	128.096069
-0.122866183204	126.897448
-0.103645542028	138.721284
-0.103645542028	127.181083
-0.101531480493	133.580244
-0.0863159969474	139.800279
-0.0821935772034	140.438817
-0.0723229586864	150.997016
-0.0621966281738	133.832128
-0.0621966281738	134.373523
-0.0510307133555	128.448384
-0.0510307133555	137.138772
-0.0416242980045	123.889314
-0.0416242980045	133.269446
-0.036431165177	134.042937
-0.0340177026203	138.816532
-0.0314326882473	134.474382
-0.0283798641265	130.899519
-0.0283798641265	132.107433
-0.028238131963	134.43009
-0.025039578508	126.225281
-0.024941205221	119.410437
-0.0241140092216	127.013901
-0.0241140092216	119.36939
-0.0218177056173	138.708175
-0.0187788386742	123.999285
-0.0187788386742	130.833043
-0.0187788386742	129.743029
-0.0194692670916	130.697155
-0.0180014470369	125.510607
-0.0180014470369	129.427767
-0.0180014470369	134.409614
-0.0174792987447	120.359794
-0.0162721108346	121.070584
-0.0162721108346	125.891051
-0.0162721108346	131.373352
-0.0159776332049	126.848727
-0.0159776332049	124.486284
-0.0153734269761	123.307616
-0.0129459135116	119.232984
-0.0129459135116	122.372188
-0.0129459135116	120.624579
-0.0129459135116	122.884718
-0.0143205346749	124.317393
-0.0123907326577	121.859951
-0.0123907326577	119.388869
-0.0123907326577	129.980324
-0.0123907326577	128.072451
-0.0123907326577	104.11585
-0.0123907326577	126.893078
-0.0123907326577	119.091593
-0.0113780859915	124.404816
-0.0113780859915	129.370248
-0.0113780859915	126.120892
-0.010461312104	115.243275
-0.010461312104	115.623652
-0.010461312104	125.516246
-0.010461312104	122.399462
-0.0101906527789	113.272954
-0.0101906527789	116.921863
-0.00944485917672	122.524518
-0.00944485917672	105.137074
-0.00944485917672	122.787584
-0.00944485917672	125.808599
-0.00944485917672	116.786982
-0.00944485917672	120.100771
-0.00944485917672	117.488518
-0.00901991883368	116.309495
-0.00944485917672	121.231839
-0.00944485917672	116.432282
-0.00938455748729	120.725196
-0.00944485917672	123.843105
-0.00786439997789	122.243246
-0.00786439997789	119.992525
-0.00786439997789	111.960976
-0.00786439997789	123.023825
-0.00786439997789	119.188712
-0.00786439997789	114.457634
-0.00786439997789	116.32772
-0.00786439997789	120.898381
-0.00786439997789	120.525263
-0.00786439997789	115.608456
-0.00786439997789	114.367788
-0.00786439997789	111.559571
-0.00786439997789	114.318565
-0.636609490499	141.135247
-0.547914672359	137.221928
-0.470279615808	137.158797
-0.403867805519	131.7155
-0.343811102568	139.250241
-0.293623620082	138.670525
-0.25017779497	133.648385
-0.213103328937	138.861022
-0.181818813833	139.262117
-0.178775360951	140.594785
-0.155446016409	136.868972
-0.155012006532	128.389994
-0.155012006532	124.98501
-0.129999048703	142.281633
-0.11050433144	137.552766
-0.0930513054691	121.987946
-0.0912686375205	130.800756
-0.0787246199324	125.44034
-0.0918067806369	130.338248
-0.0786749160195	126.758194
-0.0737859779484	124.038546
-0.0718206368778	117.482253
-0.0718206368778	129.515344
-0.0598259183717	135.371164
-0.0520848312244	121.949911
-0.0450836850539	126.06052
-0.0433081729133	123.957114
-0.0359285811545	133.887876
-0.0359285811545	130.192995
-0.0349552919877	131.485203
-0.0327398812694	135.797224
-0.029986981412	132.064638
-0.0287289185279	130.620992
-0.0265262950813	133.963828
-0.0230943675349	123.751416
-0.0230943675349	130.102302
-0.0216157812672	127.909256
-0.0216157812672	138.156146
-0.0215171034719	129.926124
-0.0215171034719	129.170124
-0.0208386981024	130.488164
-0.0203883447677	128.764218
-0.0200801919866	133.348162
-0.0168903383532	130.43381
-0.0199096247133	134.566944
-0.0197615575247	133.465431
-0.0194479712676	139.884901
-0.0194479712676	123.207116
-0.0173547309598	120.470365
-0.0178791935961	125.620135
-0.0188546481161	127.516864
-0.0180924541916	129.70256
-0.0180924541916	119.588601
-0.0180924541916	117.736343
-0.0180924541916	126.178945
-0.0180924541916	139.583613
-0.0178057093795	133.782461
-0.0180913987031	127.504005
-0.0167266134709	127.337936
-0.017161811571	123.766686
-0.017161811571	125.036704
-0.0161919632597	125.987747
-0.0160671680288	128.550781
-0.0161267580907	120.099877
-0.0153549965906	123.986558
-0.0161267580907	121.683725
-0.0161267580907	112.452517
-0.0161267580907	131.760983
-0.016073975364	121.343883
-0.0161267580907	119.100141
-0.0161267580907	125.67044
-0.0152096215903	119.803644
-0.0150436935957	114.240746
-0.0150436935957	124.574903
-0.0150436935957	118.849698
-0.0147464473814	112.127686
-0.0145971776419	123.817995
-0.0147148743226	123.436406
-0.0141663716645	119.564218
-0.0134201606097	108.349854
-0.0134201606097	120.676919
-0.0141663716645	121.783602
-0.0147464473814	121.956946
-0.0147464473814	130.575053
-0.0147464473814	123.875645
-0.0146377911948	118.95744
-0.0137900728133	113.086035
-0.0125333521366	117.977593
-0.0125333521366	120.372747
-0.0125333521366	119.476846
-0.0125333521366	115.30366
-0.0125333521366	117.699766
-0.0115857901085	117.572514
-0.0115857901085	124.079852
-0.0115857901085	123.817046
-0.0125333521366	124.190916
-0.0125333521366	113.134665
-0.0125333521366	122.121212
-0.0125333521366	118.491751
-0.0125333521366	110.958318
-0.63601062563	151.571587
-0.547462115061	133.119007
-0.470375294538	146.871729
-0.402018068942	165.177996
-0.402018068942	136.75674
-0.340312481331	148.186558
-0.295204231218	156.699632
-0.265694526644	142.149005
-0.224939532102	146.975859
-0.244471836358	149.455173
-0.212724403688	140.346123
-0.206012022961	137.132319
-0.17937319423	143.984114
-0.14972976864	135.771782
-0.126391497042	146.042087
-0.126391497042	150.790153
-0.110011455176	149.063465
-0.108360391913	133.610986
-0.0910644335231	139.574804
-0.0756619706827	133.385568
-0.075576400692	140.641455
-0.0638187691845	153.580324
-0.0638187691845	129.762779
-0.0573682782368	146.860843
-0.0495318610052	138.896632
-0.0458727039074	141.499244
-0.0427915037095	130.998826
-0.0401679876048	144.811512
-0.0373079496641	134.425374
-0.0361761494732	123.605385
-0.0339128632084	134.438122
-0.0308534825442	138.571427
-0.0308534825442	128.442906
-0.0300494650873	130.526342
-0.0293175202846	127.993489
-0.0289903466998	133.803197
-0.0276608327368	136.522598
-0.0254781653901	138.268639
-0.0249733319111	144.038485
-0.0238860688233	127.715641
-0.0238860688233	136.196523
-0.0249733319111	134.793528
-0.0225888005898	132.512382
-0.0221533663143	143.313501
-0.0201642315567	134.899905
-0.0201642315567	127.415292
-0.0198478169613	137.424136
-0.0191537430457	129.199617
-0.0191537430457	138.530209
-0.0173666511228	136.417224
-0.0162382579215	134.690622
-0.017166614252	127.024692
-0.0179895674966	125.500269
-0.0172419732933	129.650511
-0.0165164138489	127.578768
-0.0175766470077	132.313437
-0.0175766470077	127.82987
-0.0175766470077	126.494384
-0.0168756004051	127.666787
-0.0167205440079	124.221368
-0.0167205440079	136.840224
-0.0172996835468	122.058994
-0.0159419047513	123.256498
-0.0156042872256	124.134851
-0.0156042872256	129.282711
-0.0156042872256	127.619192
-0.0156042872256	132.23192
-0.0156042872256	128.82752
-0.0156042872256	133.439422
-0.0156042872256	135.296969
-0.0156042872256	134.764077
-0.0156042872256	133.35801
-0.0156042872256	130.091132
-0.0156042872256	125.179227
-0.0156042872256	129.87601
-0.0142860284052	133.784552
-0.0142860284052	134.332024
-0.0143002289656	125.34205
-0.0143002289656	123.112104
-0.0143002289656	128.598211
-0.0143002289656	131.617726
-0.0143002289656	126.847949
-0.0143002289656	122.865375
-0.0143002289656	123.495631
-0.0143002289656	127.946037
-0.0143002289656	134.076319
-0.0143002289656	129.388804
-0.0143002289656	127.499994
-0.0143002289656	120.711711
-0.0142357959646	130.718542
-0.0142357959646	124.855272
-0.0142357959646	123.886987
-0.0143002289656	123.829877
-0.0143002289656	115.699575
-0.0143002289656	122.640937
-0.0140276638278	128.406219
-0.0140276638278	127.615803
-0.0140276638278	116.38512
-0.0140276638278	127.449735
-0.0140276638278	96.663006
-0.63642400835	154.769717
-0.547101523429	142.660695
-0.470111213343	143.473232
-0.403757733557	155.225141
-0.362972426359	142.197723
-0.3446198033	144.856902
-0.293449991453	157.408621
-0.293449991453	147.205102
-0.266540928538	144.242614
-0.229588064569	139.339764
-0.19423410667	140.207411
-0.209195868696	148.849017
-0.194160431276	144.079609
-0.175024887047	132.320823
-0.160992283669	136.845582
-0.144853140419	135.826068
-0.134330856639	137.125282
-0.12125032283	142.281462
-0.114911353374	139.413615
-0.0980577897188	134.33927
-0.0840735359412	128.685949
-0.0717735107243	135.468593
-0.0717735107243	135.547599
-0.0600645233649	130.200274
-0.0594449916483	136.647906
-0.0555800994623	130.675392
-0.0488401523619	134.756398
-0.041227567561	138.679908
-0.0364011646441	144.646342
-0.0353931107877	121.321482
-0.0311354117561	133.793785
-0.0273737386326	135.445351
-0.0272981525259	139.375612
-0.0257706041887	134.543516
-0.0232831156051	136.686592
-0.0210368547978	131.250752
-0.0210368547978	134.070118
-0.0186080071184	129.962071
-0.0169936449893	131.440281
-0.01800971743	134.503888
-0.01800971743	141.436957
-0.0162923349967	136.081207
-0.0166068834936	123.924067
-0.0154613660893	128.606803
-0.0153786522847	130.697295
-0.0153786522847	130.671051
-0.0135095842367	127.611066
-0.0134003668923	127.486187
-0.0134003668923	131.182383
-0.0134003668923	139.881812
-0.0134003668923	132.882326
-0.0134003668923	126.416847
-0.0134003668923	142.500214
-0.0134003668923	131.627851
-0.0127642376905	121.671877
-0.0122931727493	127.460067
-0.012950424002	130.434797
-0.012950424002	139.719548
-0.012950424002	124.268844
-0.0124899465696	118.812779
-0.0124899465696	132.440315
-0.012950424002	130.417438
-0.0127758911971	128.105084
-0.0127758911971	131.643208
-0.0127758911971	127.781532
-0.012950424002	130.31649
-0.012950424002	133.079166
-0.012950424002	133.901194
-0.012950424002	126.250894
-0.0123342885504	139.458598
-0.0120558179429	127.012819
-0.012950424002	121.04106
-0.0129575695883	121.122802
-0.0128486738085	117.379417
-0.0120813606124	130.567164
-0.0118047540692	131.456715
-0.0118047540692	117.300783
-0.0118047540692	134.546943
-0.0118047540692	130.742506
-0.0118047540692	121.459455
-0.0118047540692	131.293002
-0.0118047540692	128.666679
-0.0118047540692	132.094299
-0.0118047540692	128.106798
-0.0106080529559	132.231495
-0.0106080529559	129.828308
-0.0106080529559	126.047722
-0.0106080529559	124.356309
-0.0114322653231	124.737493
-0.0114322653231	130.468266
-0.00993054001753	121.245667
-0.00993054001753	126.096695
-0.00993054001753	132.701853
-0.00993054001753	121.892199
-0.00993054001753	131.569218
-0.00993054001753	127.98532
-0.00993054001753	125.110663
-0.00993054001753	130.355131
-0.00993054001753	124.141676
-0.00993054001753	108.768134
-0.636603386002	143.344638
-0.547136031838	154.340955
-0.465888297341	140.385659
-0.404475395396	142.366718
-0.347662779969	146.443992
-0.311923900531	144.888876
-0.310126941464	144.194154
-0.294888312148	137.420972
-0.252539822539	143.558356
-0.214777158631	142.316338
-0.204524047405	142.126482
-0.171333956826	138.942493
-0.144242959987	132.91435
-0.144242959987	142.46908
-0.118752737055	144.051696
-0.0997974369718	132.562309
-0.0950002880539	129.89854
-0.0858777396701	135.629232
-0.0787075762412	143.764422
-0.0705481668218	140.12462
-0.0606972123804	130.134219
-0.04998583396	138.066255
-0.0423435831372	133.435546
-0.0423435831372	138.423795
-0.0409565692054	142.655639
-0.0346737915462	134.966542
-0.0337552207495	138.176085
-0.0286245055193	148.179595
-0.0282439205197	141.240855
-0.0249968988913	139.655601
-0.0282439205197	132.992478
-0.0235408053283	141.600659
-0.0249967055474	136.332406
-0.0238379047245	134.1375
-0.0218758140354	141.418525
-0.0209342514111	143.136271
-0.0204873889601	148.362117
-0.0204873889601	122.034152
-0.0204873889601	144.85515
-0.0197605681629	129.152824
-0.0197605681629	135.34314
-0.019005282798	136.847023
-0.0188492782874	135.463244
-0.0172808771486	138.825858
-0.0184490806655	128.906269
-0.0169496107586	137.394784
-0.0169496107586	150.301907
-0.0169496107586	131.844274
-0.0169496107586	141.7129
-0.0158498021279	122.980766
-0.0169053575429	130.552599
-0.0165616992186	133.698127
-0.0156032353105	130.120184
-0.0146200344621	124.727639
-0.0146200344621	132.454309
-0.0137801289302	136.35212
-0.0137801289302	138.210429
-0.0137801289302	139.831374
-0.0137801289302	132.283701
-0.0119018884877	134.265367
-0.0132836848203	127.295897
-0.0130621717483	131.592643
-0.0130621717483	133.765197
-0.0130621717483	130.253935
-0.0129469854766	131.993673
-0.0128058321409	126.998063
-0.0128058321409	127.802382
-0.0124003763724	124.750056
-0.0116576660109	145.38793
-0.0116329530181	111.627825
-0.0116576660109	127.856736
-0.0116576660109	116.002904
-0.0114569694616	126.792445
-0.0116576660109	125.405376
-0.0116576660109	132.062483
-0.0116576660109	124.478352
-0.0116576660109	129.86667
-0.0116576660109	127.977983
-0.0115568273147	118.910913
-0.0104769477884	140.144274
-0.0104769477884	124.723255
-0.0104769477884	123.647169
-0.0104769477884	130.415654
-0.01045031678	125.153204
-0.01045031678	118.860349
-0.01045031678	135.487253
-0.00912618879788	122.223862
-0.00912618879788	122.833913
-0.00912618879788	128.779795
-0.00912618879788	119.813965
-0.00912618879788	121.35581
-0.00912618879788	125.422701
-0.00780492562201	115.999608
-0.00741108550399	130.299602
-0.00741108550399	122.070033
-0.00741108550399	124.532352
-0.00741108550399	128.146173
-0.00741108550399	121.536794
-0.00741108550399	122.227184
-0.00741108550399	108.126929
-0.63517119571	139.381097
-0.547468039514	138.453449
-0.469929807417	122.33845
-0.404997924265	140.268532
-0.346481592654	138.768179
-0.292459316684	130.970217
-0.310182965353	142.599676
-0.29504600392	134.685892
-0.292571474235	142.223403
-0.245415983127	131.204041
-0.206239013398	135.047996
-0.171502116774	129.736476
-0.171502116774	127.481939
-0.151529345395	137.067566
-0.124565204011	139.148937
-0.105155758556	137.879577
-0.103944866353	133.838789
-0.100611171776	127.963005
-0.0845368315306	125.723907
-0.0845368315306	129.038547
-0.0714467150424	125.165202
-0.070005905483	123.187703
-0.055923681972	129.338979
-0.0482108812601	126.817992
-0.0461096184	127.941974
-0.0405324669481	126.663053
-0.0374245480152	127.0112
-0.0374245480152	128.479066
-0.0363829850679	124.846114
-0.0351244463869	125.345823
-0.0293036514594	123.658672
-0.0293036514594	125.305953
-0.0272070970059	120.003807
-0.0257213334045	125.960842
-0.0230383591545	134.182707
-0.0230383591545	122.081677
-0.019012081919	115.407922
-0.019012081919	123.969287
-0.019012081919	120.913371
-0.0180389313527	121.772264
-0.0180389313527	123.115547
-0.0156132102927	120.629215
-0.0173184704275	112.611008
-0.0173107606982	116.892028
-0.0167314692509	119.853226
-0.0148560466806	130.029779
-0.0148560466806	122.033846
-0.0146545073352	116.651173
-0.0146545073352	127.498375
-0.014097946953	131.500574
-0.013954077434	121.563082
-0.0136795825417	122.850556
-0.0136306281281	119.591104
-0.0126507385686	124.480407
-0.0113950979717	119.376866
-0.010122485792	125.170657
-0.0111181955152	113.433593
-0.0111181955152	131.439344
-0.0113950979717	124.45135
-0.0113950979717	125.578671
-0.0113950979717	119.572917
-0.0113950979717	115.654371
-0.0111349981186	129.567276
-0.0111349981186	115.678313
-0.00810774833628	129.777451
-0.0111349981186	120.402277
-0.00933774181571	115.777604
-0.00933774181571	119.909009
-0.00812959177916	128.808748
-0.00812959177916	124.233424
-0.00812959177916	129.45042
-0.00812959177916	118.370831
-0.00812959177916	122.042311
-0.00812959177916	119.5447
-0.00812959177916	112.600744
-0.00812959177916	119.785847
-0.00812959177916	113.316534
-0.00812959177916	117.381239
-0.00812959177916	116.548309
-0.00812959177916	124.983393
-0.00812959177916	120.402708
-0.00812959177916	126.358829
-0.00812959177916	110.448843
-0.00812959177916	110.612971
-0.0083301246765	118.197958
-0.00765385227622	124.765158
-0.0083301246765	112.294756
-0.0083301246765	107.81471
-0.00804644702922	117.835314
-0.00804644702922	117.909184
-0.00804644702922	113.528618
-0.00804644702922	120.370403
-0.00804644702922	121.374048
-0.00804644702922	119.881248
-0.00804644702922	120.168641
-0.00804644702922	124.338026
-0.00804644702922	121.987818
-0.00804644702922	123.167913
-0.00804644702922	122.221665
-0.00804644702922	117.016896
-0.635936483175	154.510047
-0.546257287271	130.397557
-0.469046999586	143.987042
-0.40176542436	130.623134
-0.3447876977	133.932683
-0.293023677265	149.39646
-0.291812525169	138.540792
-0.246477694252	142.11778
-0.208639879891	147.481026
-0.208639879891	143.702782
-0.208639879891	141.570195
-0.205138679618	139.251477
-0.172440403809	138.535621
-0.172011867754	143.42981
-0.1441467379	147.101897
-0.120369737836	136.956366
-0.101308245503	132.777718
-0.101330465748	125.805092
-0.0912475682668	130.3934
-0.0836216474558	124.05054
-0.0690938808313	134.872532
-0.0690938808313	128.907545
-0.0593942223046	123.199819
-0.0469396433346	138.79734
-0.040719445601	141.204853
-0.040719445601	126.706901
-0.0394643891947	142.477073
-0.0347789766688	128.376086
-0.034414251272	141.926787
-0.0336042245604	132.740832
-0.0284995686648	129.930932
-0.0283856729774	131.635322
-0.0230036255734	143.189096
-0.0230036255734	129.374563
-0.018509594415	134.604515
-0.0175196313561	135.362077
-0.018509594415	136.381111
-0.0149229059431	127.906025
-0.0149229059431	131.423309
-0.0149229059431	129.785877
-0.0143684551285	120.014618
-0.0135365655304	131.861707
-0.0124622675912	138.644513
-0.0124622675912	124.616348
-0.0117235914988	111.971937
-0.0117235914988	126.430035
-0.0117235914988	142.142184
-0.0113610327866	122.478958
-0.0117235914988	125.254731
-0.0117171039866	130.862176
-0.00987649872499	114.903455
-0.0107206902061	125.346113
-0.0117171039866	120.648075
-0.0103505500821	129.859075
-0.0110605907605	125.004177
-0.0110605907605	137.09713
-0.0113058626734	124.191479
-0.010714679696	125.401227
-0.0104244632885	118.702305
-0.00967295225781	120.484782
-0.00967295225781	118.556116
-0.00967295225781	116.550556
-0.00967295225781	116.919197
-0.00967295225781	120.810053
-0.00831557033141	124.442183
-0.00831557033141	127.717595
-0.00831557033141	112.884638
-0.00831557033141	139.906014
-0.00831557033141	128.548884
-0.00816139193966	126.957623
-0.00816139193966	126.505474
-0.00816139193966	125.917972
-0.00816139193966	131.715992
-0.00831557033141	118.906482
-0.00831557033141	131.200461
-0.008101655179	125.805634
-0.00831557033141	133.363011
-0.00831557033141	124.482203
-0.00831557033141	127.072746
-0.00831557033141	120.888089
-0.00831557033141	131.571971
-0.00828578139588	124.004655
-0.00828578139588	115.961667
-0.00817753421667	127.793729
-0.00817753421667	122.760809
-0.00726745657764	124.746197
-0.00726745657764	124.157248
-0.00645405183625	121.322876
-0.00670019813106	114.580259
-0.00670019813106	114.559267
-0.00669963246389	120.818602
-0.00669963246389	120.686893
-0.00669963246389	117.202815
-0.00619049931891	121.782164
-0.00619049931891	115.680195
-0.00619049931891	126.978071
-0.00669963246389	126.111891
-0.00669963246389	119.597049
-0.00669963246389	112.531729
-0.00669963246389	127.515883
-0.635263364833	146.170091
-0.545353947676	146.9836
-0.468990762275	149.892421
-0.403875116581	148.778422
-0.345504572196	141.590022
-0.340872749164	141.181135
-0.340872749164	131.032995
-0.288270044297	143.22598
-0.288450721937	147.648442
-0.252713552979	141.300985
-0.242920461689	146.249053
-0.211261804247	145.689369
-0.180971908732	140.922518
-0.176276999519	135.860255
-0.176276999519	143.034102
-0.151399274053	145.22158
-0.148326468044	130.199023
-0.123715584934	136.86295
-0.120643561149	138.079546
-0.0977547436773	139.026059
-0.0791542180578	135.991824
-0.0657303400883	130.050314
-0.0548344695017	137.997217
-0.0594963856896	135.741868
-0.0489280945955	140.613468
-0.0427426307421	142.929712
-0.0427426307421	141.311475
-0.0427426307421	136.384504
-0.0422293608674	139.104704
-0.0360109310786	133.55065
-0.0320859591786	134.750806
-0.0276946359198	143.006854
-0.0240507057505	132.643443
-0.0244319324985	130.98236
-0.0213884734163	135.80405
-0.0191671814782	137.653298
-0.0191671814782	140.405171
-0.0191671814782	124.310597
-0.0179496933133	139.388026
-0.0179496933133	132.807482
-0.0179496933133	143.01593
-0.0176667308231	135.42157
-0.0176667308231	134.278863
-0.0176629473858	129.798975
-0.0176667308231	131.733817
-0.0147719477069	126.654012
-0.0147719477069	130.385807
-0.0147719477069	137.511035
-0.0147719477069	132.269635
-0.0147719477069	131.726885
-0.0147719477069	138.947737
-0.0148844092937	126.128369
-0.0148844092937	124.207305
-0.0135268862008	134.181709
-0.0135268862008	123.305792
-0.0142802626522	122.496983
-0.0142802626522	126.387065
-0.0142802626522	135.605086
-0.0142802626522	128.660631
-0.0142802626522	131.531997
-0.0142802626522	132.527846
-0.0142802626522	133.693152
-0.0142802626522	129.357006
-0.0142802626522	119.547777
-0.0142447597922	119.998273
-0.0142451023877	125.118076
-0.0142451023877	119.663304
-0.0117636075773	128.610006
-0.0117636075773	125.099052
-0.0117636075773	128.595134
-0.0117636075773	134.111174
-0.011812805346	123.662428
-0.0113268112806	126.795101
-0.0113268112806	118.395761
-0.0116697102483	124.044698
-0.0116697102483	120.134667
-0.0116697102483	125.170989
-0.0116697102483	121.049298
-0.0116697102483	122.735585
-0.010409958234	118.261804
-0.010409958234	130.416191
-0.00997715988186	133.408514
-0.00997715988186	114.573474
-0.00997715988186	129.252099
-0.00997715988186	124.598243
-0.00997715988186	123.938101
-0.00997715988186	135.19798
-0.00997715988186	130.422003
-0.00997715988186	129.77266
-0.00997715988186	129.903266
-0.00997715988186	127.090525
-0.00997715988186	123.602077
-0.00997715988186	136.67396
-0.00949044967665	128.21076
-0.00997715988186	131.270863
-0.00997715988186	115.988976
-0.00997715988186	121.465317
-0.00997715988186	119.237778
-0.00997715988186	128.759424
-0.00997715988186	124.555725































